105.00  88.00   101.00 
105.00  89.00   100.00 
105.00  89.00   100.00 
106.00  90.00   102.00 
106.00  93.00   102.00 
106.00  92.00   103.00 
106.00  92.00   103.00 
106.00  93.00   101.00 
105.00  89.00   100.00 
105.00  89.00   100.00 
106.00  89.00   97.00  
105.00  88.00   101.00 
105.00  89.00   100.00 
105.00  89.00   100.00 
105.00  89.00   100.00 
105.00  90.00   99.00  
105.00  90.00   99.00  
105.00  90.00   99.00  
105.00  91.00   98.00  
105.00  92.00   97.00  
105.00  89.00   100.00 
105.00  91.00   98.00  
105.00  91.00   98.00  
107.00  88.00   99.00  
107.00  88.00   99.00  
105.00  84.00   97.00  
105.00  84.00   97.00  
105.00  82.00   99.00  
107.00  78.00   98.00  
107.00  79.00   97.00  
107.00  78.00   95.00  
107.00  76.00   97.00  
107.00  77.00   96.00  
106.00  75.00   98.00  
104.00  71.00   97.00  
105.00  90.00   99.00  
105.00  89.00   100.00 
105.00  89.00   100.00 
106.00  93.00   102.00 
106.00  93.00   102.00 
107.00  94.00   103.00 
106.00  93.00   101.00 
106.00  93.00   101.00 
106.00  93.00   102.00 
106.00  93.00   102.00 
106.00  93.00   101.00 
106.00  93.00   101.00 
106.00  93.00   102.00 
106.00  93.00   101.00 
106.00  93.00   101.00 
106.00  93.00   101.00 
106.00  93.00   101.00 
106.00  93.00   101.00 
105.00  90.00   99.00  
105.00  90.00   99.00  
105.00  89.00   100.00 
105.00  89.00   100.00 
105.00  89.00   100.00 
107.00  88.00   99.00  
107.00  87.00   100.00 
105.00  82.00   99.00  
105.00  83.00   98.00  
105.00  82.00   99.00  
105.00  84.00   97.00  
105.00  84.00   97.00  
105.00  82.00   96.00  
105.00  81.00   97.00  
105.00  81.00   97.00  
106.00  76.00   97.00  
104.00  72.00   96.00  
105.00  88.00   102.00 
105.00  89.00   100.00 
105.00  90.00   99.00  
106.00  93.00   102.00 
106.00  93.00   102.00 
106.00  93.00   101.00 
106.00  93.00   101.00 
107.00  91.00   101.00 
106.00  93.00   102.00 
106.00  93.00   101.00 
106.00  93.00   101.00 
106.00  93.00   102.00 
106.00  93.00   102.00 
107.00  92.00   100.00 
106.00  95.00   99.00  
106.00  93.00   102.00 
106.00  93.00   101.00 
106.00  93.00   101.00 
105.00  89.00   100.00 
105.00  90.00   99.00  
105.00  89.00   100.00 
106.00  93.00   99.00  
105.00  88.00   101.00 
106.00  89.00   100.00 
107.00  87.00   100.00 
105.00  85.00   96.00  
105.00  83.00   98.00  
105.00  84.00   97.00  
105.00  85.00   96.00  
105.00  84.00   97.00  
105.00  81.00   97.00  
105.00  81.00   98.00  
105.00  81.00   98.00  
105.00  81.00   98.00  
104.00  72.00   95.00  
105.00  88.00   101.00 
105.00  90.00   99.00  
105.00  90.00   99.00  
106.00  93.00   102.00 
106.00  93.00   102.00 
106.00  93.00   102.00 
106.00  93.00   102.00 
106.00  94.00   100.00 
106.00  93.00   101.00 
106.00  93.00   101.00 
106.00  93.00   101.00 
106.00  93.00   101.00 
106.00  93.00   102.00 
106.00  93.00   101.00 
106.00  93.00   102.00 
106.00  92.00   103.00 
106.00  93.00   102.00 
107.00  93.00   102.00 
105.00  88.00   101.00 
105.00  90.00   99.00  
105.00  90.00   99.00  
105.00  90.00   99.00  
105.00  91.00   98.00  
107.00  88.00   99.00  
107.00  88.00   99.00  
105.00  86.00   98.00  
105.00  85.00   96.00  
105.00  84.00   97.00  
105.00  84.00   97.00  
105.00  84.00   97.00  
105.00  82.00   96.00  
105.00  81.00   97.00  
105.00  81.00   98.00  
105.00  82.00   96.00  
103.00  78.00   95.00  
106.00  92.00   103.00 
106.00  93.00   101.00 
106.00  93.00   101.00 
106.00  96.00   101.00 
106.00  97.00   100.00 
106.00  97.00   100.00 
106.00  96.00   101.00 
106.00  97.00   100.00 
107.00  99.00   103.00 
107.00  99.00   103.00 
107.00  99.00   103.00 
107.00  99.00   103.00 
107.00  98.00   104.00 
106.00  96.00   101.00 
106.00  95.00   102.00 
106.00  96.00   101.00 
106.00  95.00   102.00 
106.00  96.00   101.00 
106.00  94.00   100.00 
106.00  96.00   101.00 
106.00  94.00   100.00 
106.00  94.00   100.00 
107.00  93.00   101.00 
106.00  93.00   102.00 
106.00  92.00   103.00 
105.00  91.00   98.00  
105.00  89.00   100.00 
106.00  90.00   99.00  
107.00  87.00   100.00 
107.00  88.00   99.00  
105.00  84.00   97.00  
105.00  83.00   98.00  
105.00  83.00   98.00  
107.00  77.00   99.00  
107.00  80.00   96.00  
106.00  93.00   101.00 
106.00  93.00   101.00 
106.00  94.00   100.00 
106.00  95.00   102.00 
106.00  97.00   100.00 
106.00  95.00   102.00 
106.00  96.00   101.00 
106.00  95.00   102.00 
107.00  99.00   103.00 
107.00  99.00   103.00 
107.00  100.00  102.00 
107.00  100.00  102.00 
107.00  100.00  102.00 
106.00  97.00   100.00 
106.00  96.00   101.00 
106.00  97.00   100.00 
106.00  96.00   101.00 
106.00  97.00   100.00 
106.00  93.00   101.00 
106.00  94.00   100.00 
106.00  94.00   100.00 
106.00  93.00   101.00 
107.00  93.00   99.00  
106.00  93.00   101.00 
106.00  93.00   102.00 
105.00  90.00   99.00  
105.00  90.00   99.00  
105.00  90.00   99.00  
107.00  88.00   99.00  
107.00  88.00   99.00  
105.00  83.00   98.00  
105.00  83.00   98.00  
105.00  83.00   98.00  
107.00  77.00   99.00  
106.00  80.00   96.00  
106.00  93.00   102.00 
106.00  93.00   102.00 
106.00  93.00   101.00 
106.00  96.00   101.00 
106.00  96.00   101.00 
106.00  96.00   101.00 
106.00  96.00   101.00 
106.00  96.00   101.00 
107.00  99.00   103.00 
107.00  99.00   103.00 
107.00  100.00  102.00 
107.00  100.00  102.00 
107.00  100.00  102.00 
106.00  98.00   99.00  
106.00  97.00   100.00 
106.00  97.00   100.00 
106.00  96.00   101.00 
106.00  97.00   100.00 
106.00  94.00   100.00 
106.00  93.00   101.00 
106.00  93.00   102.00 
106.00  93.00   101.00 
106.00  94.00   100.00 
106.00  93.00   101.00 
106.00  93.00   101.00 
105.00  90.00   99.00  
105.00  91.00   98.00  
105.00  90.00   99.00  
107.00  87.00   100.00 
107.00  88.00   99.00  
105.00  83.00   98.00  
105.00  83.00   98.00  
105.00  84.00   97.00  
107.00  78.00   98.00  
107.00  79.00   97.00  
106.00  93.00   102.00 
106.00  92.00   103.00 
106.00  93.00   102.00 
106.00  96.00   101.00 
106.00  96.00   101.00 
106.00  97.00   100.00 
106.00  98.00   99.00  
106.00  97.00   100.00 
107.00  100.00  102.00 
107.00  100.00  102.00 
107.00  100.00  102.00 
107.00  99.00   103.00 
107.00  99.00   103.00 
106.00  96.00   101.00 
106.00  97.00   100.00 
106.00  95.00   102.00 
106.00  97.00   100.00 
106.00  98.00   99.00  
106.00  97.00   100.00 
106.00  97.00   100.00 
106.00  95.00   102.00 
106.00  97.00   100.00 
106.00  96.00   101.00 
106.00  94.00   100.00 
106.00  93.00   102.00 
105.00  90.00   99.00  
105.00  91.00   98.00  
105.00  92.00   97.00  
107.00  88.00   99.00  
107.00  89.00   97.00  
105.00  83.00   98.00  
105.00  84.00   97.00  
105.00  83.00   98.00  
105.00  82.00   99.00  
104.00  85.00   96.00  
106.00  93.00   101.00 
106.00  94.00   100.00 
107.00  90.00   102.00 
106.00  95.00   102.00 
106.00  96.00   101.00 
106.00  97.00   100.00 
106.00  97.00   100.00 
106.00  96.00   101.00 
107.00  98.00   104.00 
107.00  100.00  102.00 
107.00  101.00  101.00 
107.00  98.00   104.00 
107.00  100.00  102.00 
105.00  98.00   102.00 
106.00  96.00   101.00 
106.00  97.00   100.00 
106.00  97.00   100.00 
106.00  97.00   100.00 
106.00  96.00   101.00 
106.00  97.00   100.00 
106.00  97.00   100.00 
106.00  96.00   101.00 
106.00  97.00   100.00 
106.00  98.00   99.00  
106.00  93.00   101.00 
105.00  90.00   99.00  
105.00  90.00   99.00  
105.00  90.00   99.00  
106.00  92.00   100.00 
105.00  91.00   98.00  
105.00  86.00   98.00  
105.00  85.00   99.00  
105.00  86.00   98.00  
105.00  83.00   98.00  
105.00  85.00   96.00  
106.00  94.00   103.00 
106.00  93.00   102.00 
106.00  93.00   102.00 
106.00  95.00   102.00 
106.00  96.00   101.00 
106.00  97.00   100.00 
106.00  98.00   99.00  
106.00  97.00   100.00 
107.00  100.00  102.00 
107.00  100.00  102.00 
107.00  100.00  102.00 
107.00  99.00   103.00 
107.00  99.00   103.00 
107.00  97.00   100.00 
106.00  98.00   99.00  
106.00  96.00   101.00 
106.00  98.00   99.00  
106.00  96.00   101.00 
106.00  97.00   100.00 
106.00  96.00   101.00 
106.00  97.00   100.00 
106.00  96.00   101.00 
106.00  96.00   101.00 
106.00  95.00   99.00  
106.00  93.00   101.00 
105.00  90.00   99.00  
105.00  91.00   98.00  
105.00  91.00   98.00  
105.00  90.00   99.00  
105.00  88.00   101.00 
105.00  87.00   97.00  
105.00  87.00   97.00  
105.00  87.00   97.00  
105.00  84.00   97.00  
105.00  84.00   97.00  
106.00  93.00   101.00 
106.00  98.00   99.00  
107.00  96.00   101.00 
106.00  95.00   102.00 
106.00  95.00   102.00 
107.00  98.00   104.00 
107.00  100.00  102.00 
107.00  99.00   100.00 
107.00  99.00   103.00 
107.00  100.00  102.00 
107.00  99.00   103.00 
107.00  100.00  102.00 
107.00  99.00   103.00 
107.00  99.00   103.00 
107.00  100.00  102.00 
107.00  98.00   104.00 
107.00  99.00   103.00 
107.00  101.00  101.00 
107.00  99.00   103.00 
107.00  99.00   103.00 
106.00  96.00   101.00 
106.00  97.00   100.00 
106.00  95.00   102.00 
106.00  96.00   101.00 
106.00  97.00   100.00 
106.00  97.00   100.00 
106.00  97.00   100.00 
106.00  97.00   100.00 
105.00  90.00   99.00  
105.00  92.00   97.00  
105.00  91.00   98.00  
105.00  91.00   98.00  
105.00  90.00   99.00  
105.00  88.00   98.00  
105.00  87.00   97.00  
106.00  95.00   99.00  
106.00  94.00   103.00 
106.00  96.00   101.00 
106.00  96.00   101.00 
106.00  97.00   100.00 
107.00  99.00   103.00 
107.00  100.00  102.00 
106.00  101.00  101.00 
107.00  100.00  102.00 
107.00  101.00  101.00 
107.00  99.00   103.00 
107.00  101.00  101.00 
107.00  101.00  101.00 
107.00  100.00  102.00 
107.00  99.00   103.00 
107.00  101.00  101.00 
107.00  99.00   103.00 
107.00  101.00  101.00 
107.00  101.00  101.00 
106.00  101.00  101.00 
106.00  96.00   101.00 
106.00  97.00   100.00 
106.00  97.00   100.00 
106.00  93.00   102.00 
106.00  96.00   101.00 
106.00  96.00   101.00 
106.00  96.00   101.00 
106.00  97.00   100.00 
105.00  91.00   98.00  
105.00  88.00   98.00  
105.00  91.00   98.00  
105.00  90.00   99.00  
105.00  91.00   98.00  
105.00  88.00   98.00  
105.00  87.00   97.00  
106.00  93.00   101.00 
105.00  98.00   99.00  
106.00  98.00   99.00  
106.00  97.00   100.00 
106.00  97.00   100.00 
107.00  97.00   105.00 
107.00  100.00  102.00 
107.00  101.00  101.00 
107.00  99.00   103.00 
107.00  101.00  101.00 
107.00  101.00  101.00 
107.00  101.00  101.00 
107.00  99.00   103.00 
107.00  98.00   104.00 
107.00  100.00  102.00 
107.00  100.00  102.00 
107.00  98.00   101.00 
107.00  101.00  101.00 
107.00  102.00  100.00 
107.00  101.00  101.00 
106.00  95.00   102.00 
106.00  97.00   100.00 
106.00  96.00   101.00 
106.00  96.00   101.00 
106.00  96.00   101.00 
106.00  98.00   99.00  
106.00  98.00   99.00  
106.00  98.00   99.00  
105.00  90.00   99.00  
105.00  90.00   99.00  
105.00  89.00   100.00 
105.00  90.00   99.00  
105.00  91.00   98.00  
105.00  88.00   98.00  
105.00  87.00   97.00  
106.00  94.00   100.00 
106.00  96.00   101.00 
106.00  97.00   100.00 
106.00  97.00   100.00 
106.00  97.00   100.00 
107.00  98.00   104.00 
107.00  100.00  102.00 
107.00  100.00  102.00 
107.00  102.00  103.00 
107.00  100.00  102.00 
107.00  100.00  102.00 
107.00  99.00   103.00 
106.00  99.00   103.00 
107.00  99.00   103.00 
107.00  100.00  102.00 
107.00  99.00   103.00 
107.00  101.00  101.00 
107.00  100.00  102.00 
107.00  100.00  102.00 
107.00  101.00  101.00 
106.00  96.00   101.00 
107.00  95.00   102.00 
106.00  95.00   102.00 
106.00  95.00   102.00 
106.00  97.00   100.00 
107.00  97.00   100.00 
106.00  97.00   100.00 
106.00  96.00   101.00 
105.00  89.00   100.00 
106.00  94.00   98.00  
105.00  90.00   99.00  
105.00  91.00   98.00  
105.00  91.00   98.00  
105.00  92.00   97.00  
105.00  88.00   96.00  
106.00  93.00   101.00 
106.00  95.00   102.00 
105.00  98.00   102.00 
106.00  96.00   101.00 
106.00  97.00   100.00 
107.00  102.00  100.00 
107.00  102.00  100.00 
107.00  100.00  102.00 
107.00  98.00   104.00 
107.00  99.00   103.00 
107.00  99.00   103.00 
107.00  100.00  102.00 
107.00  100.00  102.00 
107.00  101.00  101.00 
107.00  101.00  101.00 
107.00  102.00  100.00 
107.00  100.00  102.00 
107.00  101.00  101.00 
107.00  101.00  101.00 
107.00  100.00  102.00 
106.00  98.00   99.00  
106.00  96.00   101.00 
106.00  98.00   99.00  
106.00  96.00   101.00 
106.00  97.00   100.00 
106.00  98.00   99.00  
106.00  97.00   100.00 
106.00  97.00   100.00 
105.00  92.00   97.00  
105.00  93.00   96.00  
105.00  90.00   99.00  
105.00  91.00   98.00  
105.00  91.00   98.00  
105.00  88.00   96.00  
105.00  86.00   98.00  
106.00  94.00   103.00 
106.00  95.00   102.00 
105.00  98.00   101.00 
106.00  96.00   101.00 
106.00  96.00   101.00 
107.00  98.00   102.00 
107.00  100.00  102.00 
107.00  100.00  102.00 
107.00  100.00  102.00 
107.00  101.00  101.00 
107.00  99.00   103.00 
107.00  100.00  102.00 
107.00  101.00  101.00 
107.00  99.00   103.00 
107.00  100.00  102.00 
107.00  99.00   103.00 
107.00  99.00   103.00 
107.00  101.00  101.00 
107.00  98.00   104.00 
107.00  99.00   103.00 
106.00  96.00   101.00 
106.00  97.00   100.00 
106.00  97.00   100.00 
106.00  96.00   101.00 
106.00  97.00   100.00 
106.00  98.00   99.00  
106.00  97.00   100.00 
106.00  97.00   100.00 
105.00  92.00   97.00  
105.00  91.00   98.00  
105.00  91.00   98.00  
105.00  91.00   98.00  
105.00  91.00   98.00  
105.00  88.00   98.00  
105.00  87.00   97.00  
106.00  93.00   101.00 
106.00  95.00   102.00 
105.00  98.00   101.00 
106.00  97.00   100.00 
106.00  98.00   101.00 
107.00  99.00   103.00 
106.00  101.00  104.00 
107.00  100.00  102.00 
107.00  100.00  102.00 
107.00  100.00  102.00 
107.00  100.00  102.00 
107.00  100.00  102.00 
106.00  101.00  104.00 
107.00  99.00   103.00 
107.00  100.00  102.00 
107.00  101.00  101.00 
107.00  101.00  101.00 
107.00  99.00   103.00 
107.00  99.00   103.00 
107.00  99.00   103.00 
106.00  98.00   101.00 
106.00  99.00   100.00 
106.00  98.00   102.00 
106.00  95.00   102.00 
106.00  97.00   100.00 
106.00  97.00   100.00 
106.00  97.00   100.00 
106.00  96.00   101.00 
105.00  91.00   98.00  
106.00  92.00   100.00 
105.00  93.00   96.00  
105.00  91.00   98.00  
105.00  91.00   98.00  
105.00  90.00   99.00  
105.00  88.00   98.00  
106.00  96.00   98.00  
106.00  97.00   100.00 
105.00  98.00   101.00 
107.00  100.00  102.00 
107.00  100.00  102.00 
107.00  101.00  101.00 
107.00  100.00  102.00 
106.00  99.00   103.00 
107.00  100.00  102.00 
107.00  100.00  102.00 
107.00  100.00  102.00 
107.00  101.00  101.00 
107.00  100.00  102.00 
107.00  99.00   103.00 
107.00  102.00  100.00 
107.00  100.00  102.00 
107.00  100.00  102.00 
107.00  99.00   103.00 
107.00  99.00   103.00 
107.00  102.00  100.00 
107.00  100.00  102.00 
107.00  100.00  102.00 
107.00  100.00  102.00 
106.00  97.00   100.00 
106.00  97.00   100.00 
106.00  97.00   100.00 
106.00  98.00   99.00  
106.00  95.00   99.00  
106.00  94.00   100.00 
106.00  93.00   101.00 
105.00  92.00   97.00  
105.00  90.00   99.00  
105.00  92.00   97.00  
105.00  92.00   97.00  
105.00  91.00   98.00  
106.00  93.00   101.00 
106.00  96.00   101.00 
105.00  98.00   101.00 
107.00  100.00  102.00 
107.00  100.00  102.00 
106.00  102.00  100.00 
107.00  100.00  102.00 
107.00  100.00  102.00 
107.00  100.00  102.00 
107.00  100.00  102.00 
107.00  100.00  102.00 
107.00  101.00  101.00 
107.00  100.00  102.00 
107.00  99.00   103.00 
107.00  101.00  101.00 
107.00  99.00   103.00 
107.00  99.00   103.00 
107.00  99.00   103.00 
107.00  99.00   103.00 
107.00  101.00  101.00 
107.00  99.00   103.00 
106.00  102.00  103.00 
106.00  102.00  103.00 
106.00  96.00   101.00 
106.00  98.00   99.00  
106.00  98.00   99.00  
106.00  96.00   101.00 
106.00  97.00   100.00 
106.00  96.00   98.00  
106.00  94.00   100.00 
105.00  91.00   98.00  
105.00  89.00   100.00 
105.00  91.00   98.00  
105.00  90.00   99.00  
105.00  91.00   98.00  
106.00  94.00   100.00 
106.00  94.00   100.00 
105.00  94.00   100.00 
107.00  100.00  102.00 
107.00  100.00  102.00 
107.00  101.00  101.00 
107.00  99.00   103.00 
107.00  100.00  102.00 
107.00  100.00  102.00 
107.00  99.00   103.00 
107.00  100.00  102.00 
107.00  101.00  101.00 
107.00  100.00  102.00 
107.00  100.00  102.00 
107.00  101.00  101.00 
107.00  99.00   103.00 
107.00  100.00  102.00 
107.00  100.00  102.00 
106.00  98.00   102.00 
107.00  99.00   103.00 
107.00  101.00  101.00 
107.00  100.00  102.00 
107.00  99.00   103.00 
105.00  99.00   98.00  
106.00  96.00   101.00 
106.00  98.00   99.00  
106.00  96.00   101.00 
106.00  99.00   98.00  
106.00  95.00   99.00  
106.00  94.00   100.00 
105.00  92.00   97.00  
105.00  95.00   94.00  
105.00  93.00   96.00  
105.00  91.00   98.00  
105.00  88.00   98.00  
107.00  92.00   100.00 
106.00  96.00   101.00 
106.00  96.00   101.00 
107.00  98.00   104.00 
107.00  100.00  102.00 
107.00  102.00  100.00 
107.00  100.00  102.00 
106.00  100.00  102.00 
106.00  100.00  102.00 
107.00  100.00  102.00 
106.00  101.00  101.00 
107.00  99.00   103.00 
107.00  100.00  102.00 
107.00  99.00   103.00 
106.00  101.00  101.00 
107.00  102.00  100.00 
107.00  101.00  101.00 
107.00  101.00  101.00 
107.00  99.00   103.00 
106.00  100.00  102.00 
107.00  101.00  101.00 
107.00  100.00  102.00 
107.00  100.00  102.00 
106.00  97.00   100.00 
106.00  97.00   100.00 
106.00  99.00   98.00  
106.00  97.00   100.00 
106.00  98.00   99.00  
106.00  95.00   99.00  
106.00  95.00   99.00  
105.00  92.00   97.00  
105.00  94.00   95.00  
105.00  92.00   97.00  
105.00  91.00   98.00  
105.00  90.00   99.00  
106.00  93.00   101.00 
106.00  96.00   101.00 
106.00  96.00   101.00 
107.00  97.00   105.00 
107.00  99.00   103.00 
107.00  99.00   103.00 
107.00  97.00   103.00 
107.00  99.00   103.00 
107.00  100.00  102.00 
107.00  99.00   103.00 
107.00  99.00   103.00 
107.00  99.00   103.00 
107.00  99.00   103.00 
107.00  100.00  102.00 
107.00  101.00  101.00 
107.00  101.00  101.00 
107.00  100.00  102.00 
107.00  100.00  102.00 
107.00  100.00  102.00 
107.00  100.00  102.00 
107.00  101.00  101.00 
107.00  100.00  102.00 
107.00  98.00   104.00 
106.00  98.00   99.00  
106.00  97.00   100.00 
106.00  97.00   100.00 
106.00  100.00  97.00  
106.00  98.00   99.00  
106.00  96.00   98.00  
106.00  97.00   97.00  
105.00  92.00   97.00  
105.00  93.00   96.00  
105.00  91.00   98.00  
105.00  91.00   98.00  
105.00  90.00   99.00  
106.00  94.00   100.00 
106.00  97.00   100.00 
105.00  99.00   100.00 
107.00  99.00   103.00 
107.00  99.00   103.00 
106.00  102.00  103.00 
107.00  100.00  102.00 
107.00  101.00  101.00 
107.00  100.00  102.00 
107.00  100.00  102.00 
107.00  101.00  101.00 
107.00  99.00   103.00 
107.00  101.00  101.00 
107.00  101.00  101.00 
107.00  101.00  101.00 
107.00  102.00  100.00 
107.00  101.00  101.00 
107.00  100.00  102.00 
107.00  100.00  102.00 
107.00  101.00  101.00 
107.00  101.00  101.00 
107.00  100.00  102.00 
107.00  100.00  102.00 
106.00  98.00   99.00  
106.00  97.00   100.00 
106.00  96.00   101.00 
107.00  99.00   98.00  
106.00  98.00   99.00  
106.00  95.00   99.00  
106.00  95.00   99.00  
105.00  92.00   97.00  
105.00  91.00   98.00  
105.00  91.00   98.00  
105.00  92.00   97.00  
105.00  93.00   99.00  
105.00  88.00   101.00 
106.00  91.00   101.00 
106.00  93.00   101.00 
106.00  96.00   101.00 
106.00  98.00   99.00  
107.00  100.00  102.00 
106.00  100.00  102.00 
107.00  104.00  105.00 
107.00  100.00  102.00 
107.00  101.00  101.00 
107.00  100.00  102.00 
105.00  103.00  102.00 
105.00  106.00  101.00 
107.00  101.00  101.00 
107.00  100.00  102.00 
107.00  101.00  101.00 
107.00  101.00  101.00 
107.00  100.00  102.00 
107.00  100.00  102.00 
107.00  99.00   103.00 
107.00  101.00  101.00 
107.00  101.00  101.00 
106.00  100.00  102.00 
106.00  98.00   99.00  
106.00  98.00   99.00  
106.00  96.00   101.00 
106.00  97.00   100.00 
106.00  98.00   99.00  
106.00  95.00   99.00  
106.00  93.00   101.00 
105.00  90.00   99.00  
105.00  92.00   97.00  
105.00  91.00   98.00  
105.00  91.00   98.00  
105.00  91.00   98.00  
105.00  89.00   100.00 
106.00  92.00   100.00 
106.00  93.00   101.00 
106.00  97.00   100.00 
106.00  97.00   100.00 
107.00  98.00   102.00 
107.00  100.00  102.00 
107.00  101.00  106.00 
107.00  100.00  102.00 
107.00  99.00   103.00 
107.00  98.00   104.00 
105.00  105.00  102.00 
105.00  105.00  102.00 
107.00  102.00  100.00 
107.00  101.00  101.00 
107.00  102.00  100.00 
107.00  102.00  100.00 
107.00  100.00  102.00 
107.00  101.00  101.00 
107.00  101.00  101.00 
107.00  101.00  101.00 
107.00  100.00  102.00 
107.00  100.00  102.00 
106.00  98.00   99.00  
106.00  99.00   98.00  
106.00  98.00   99.00  
106.00  95.00   102.00 
106.00  97.00   100.00 
106.00  95.00   99.00  
106.00  95.00   99.00  
105.00  91.00   98.00  
105.00  89.00   97.00  
105.00  93.00   96.00  
105.00  92.00   97.00  
105.00  91.00   98.00  
105.00  89.00   100.00 
106.00  92.00   100.00 
106.00  94.00   100.00 
106.00  98.00   99.00  
106.00  97.00   100.00 
107.00  98.00   104.00 
107.00  99.00   103.00 
107.00  103.00  104.00 
107.00  101.00  101.00 
107.00  100.00  102.00 
107.00  98.00   104.00 
105.00  104.00  103.00 
105.00  106.00  101.00 
107.00  100.00  102.00 
107.00  100.00  102.00 
107.00  101.00  101.00 
107.00  101.00  101.00 
107.00  102.00  103.00 
107.00  101.00  101.00 
107.00  100.00  102.00 
107.00  99.00   103.00 
107.00  101.00  101.00 
107.00  102.00  100.00 
106.00  99.00   100.00 
106.00  97.00   100.00 
106.00  98.00   99.00  
106.00  96.00   101.00 
106.00  98.00   99.00  
106.00  96.00   98.00  
107.00  95.00   99.00  
105.00  90.00   99.00  
105.00  90.00   99.00  
105.00  90.00   99.00  
105.00  91.00   98.00  
105.00  92.00   97.00  
105.00  90.00   99.00  
106.00  92.00   100.00 
106.00  94.00   100.00 
106.00  97.00   100.00 
106.00  97.00   100.00 
107.00  100.00  102.00 
107.00  98.00   104.00 
107.00  103.00  104.00 
107.00  98.00   104.00 
107.00  100.00  102.00 
107.00  98.00   104.00 
105.00  103.00  104.00 
105.00  105.00  100.00 
107.00  100.00  102.00 
107.00  100.00  102.00 
107.00  100.00  102.00 
107.00  100.00  102.00 
107.00  99.00   103.00 
107.00  100.00  102.00 
107.00  99.00   103.00 
107.00  100.00  102.00 
107.00  101.00  101.00 
107.00  101.00  101.00 
106.00  97.00   100.00 
106.00  97.00   100.00 
106.00  96.00   101.00 
106.00  97.00   100.00 
106.00  96.00   101.00 
106.00  95.00   99.00  
106.00  96.00   98.00  
105.00  90.00   99.00  
105.00  89.00   100.00 
105.00  89.00   100.00 
105.00  91.00   98.00  
105.00  92.00   97.00  
105.00  90.00   99.00  
106.00  91.00   101.00 
106.00  93.00   102.00 
106.00  96.00   101.00 
106.00  96.00   101.00 
106.00  101.00  104.00 
107.00  100.00  102.00 
107.00  103.00  104.00 
107.00  99.00   103.00 
107.00  100.00  102.00 
107.00  98.00   104.00 
105.00  105.00  102.00 
105.00  105.00  102.00 
107.00  99.00   103.00 
107.00  101.00  101.00 
107.00  102.00  100.00 
107.00  100.00  102.00 
107.00  101.00  101.00 
107.00  103.00  99.00  
107.00  102.00  100.00 
107.00  100.00  102.00 
107.00  100.00  102.00 
107.00  102.00  100.00 
106.00  98.00   99.00  
106.00  96.00   101.00 
106.00  95.00   102.00 
106.00  99.00   98.00  
106.00  98.00   99.00  
106.00  97.00   97.00  
106.00  94.00   100.00 
105.00  93.00   96.00  
105.00  92.00   97.00  
105.00  92.00   97.00  
106.00  92.00   97.00  
105.00  91.00   98.00  
105.00  90.00   99.00  
106.00  93.00   99.00  
106.00  93.00   102.00 
106.00  96.00   101.00 
106.00  96.00   101.00 
107.00  99.00   103.00 
107.00  100.00  102.00 
107.00  102.00  105.00 
106.00  101.00  104.00 
107.00  100.00  102.00 
107.00  99.00   103.00 
105.00  108.00  102.00 
105.00  109.00  101.00 
107.00  99.00   103.00 
107.00  100.00  102.00 
107.00  99.00   103.00 
107.00  100.00  102.00 
107.00  100.00  102.00 
107.00  100.00  102.00 
107.00  99.00   103.00 
107.00  101.00  101.00 
107.00  101.00  101.00 
107.00  99.00   103.00 
106.00  98.00   99.00  
106.00  98.00   99.00  
106.00  97.00   100.00 
106.00  98.00   99.00  
106.00  99.00   98.00  
106.00  95.00   99.00  
106.00  96.00   98.00  
106.00  90.00   99.00  
105.00  90.00   99.00  
105.00  91.00   98.00  
105.00  91.00   98.00  
105.00  91.00   98.00  
106.00  84.00   100.00 
106.00  90.00   99.00  
106.00  93.00   102.00 
106.00  93.00   101.00 
106.00  94.00   100.00 
107.00  100.00  102.00 
107.00  99.00   103.00 
107.00  103.00  104.00 
107.00  99.00   103.00 
107.00  100.00  102.00 
107.00  99.00   103.00 
106.00  101.00  101.00 
107.00  100.00  102.00 
106.00  97.00   100.00 
106.00  97.00   100.00 
106.00  95.00   102.00 
106.00  97.00   100.00 
106.00  98.00   99.00  
106.00  97.00   100.00 
106.00  97.00   100.00 
106.00  97.00   100.00 
106.00  97.00   100.00 
106.00  95.00   102.00 
105.00  92.00   97.00  
105.00  91.00   98.00  
105.00  93.00   96.00  
105.00  92.00   97.00  
105.00  91.00   98.00  
106.00  95.00   99.00  
105.00  92.00   97.00  
106.00  88.00   99.00  
105.00  90.00   99.00  
105.00  87.00   97.00  
105.00  89.00   97.00  
105.00  87.00   97.00  
107.00  88.00   99.00  
107.00  92.00   100.00 
106.00  93.00   102.00 
106.00  94.00   100.00 
106.00  95.00   99.00  
107.00  100.00  102.00 
107.00  99.00   103.00 
107.00  100.00  102.00 
107.00  100.00  102.00 
107.00  100.00  102.00 
107.00  99.00   103.00 
107.00  98.00   104.00 
107.00  99.00   103.00 
106.00  99.00   98.00  
106.00  98.00   99.00  
106.00  98.00   99.00  
106.00  98.00   99.00  
106.00  96.00   101.00 
106.00  97.00   100.00 
106.00  98.00   99.00  
106.00  98.00   99.00  
106.00  98.00   99.00  
106.00  98.00   99.00  
105.00  93.00   96.00  
105.00  92.00   97.00  
105.00  91.00   98.00  
105.00  91.00   98.00  
105.00  92.00   97.00  
106.00  93.00   99.00  
105.00  93.00   96.00  
105.00  91.00   98.00  
105.00  88.00   96.00  
105.00  87.00   97.00  
105.00  87.00   97.00  
105.00  87.00   97.00  
106.00  86.00   98.00  
106.00  90.00   99.00  
106.00  92.00   100.00 
106.00  94.00   100.00 
106.00  95.00   99.00  
106.00  98.00   102.00 
107.00  100.00  102.00 
107.00  98.00   102.00 
107.00  99.00   103.00 
107.00  100.00  102.00 
107.00  99.00   103.00 
106.00  101.00  101.00 
107.00  99.00   103.00 
106.00  100.00  99.00  
106.00  96.00   101.00 
106.00  98.00   99.00  
106.00  98.00   99.00  
106.00  96.00   101.00 
106.00  96.00   101.00 
106.00  97.00   100.00 
106.00  99.00   98.00  
106.00  98.00   99.00  
106.00  98.00   99.00  
105.00  93.00   96.00  
105.00  91.00   98.00  
105.00  92.00   97.00  
105.00  91.00   98.00  
105.00  90.00   99.00  
105.00  91.00   98.00  
105.00  91.00   98.00  
105.00  89.00   97.00  
105.00  87.00   97.00  
105.00  86.00   98.00  
105.00  88.00   96.00  
105.00  87.00   97.00  
105.00  84.00   97.00  
106.00  89.00   100.00 
105.00  91.00   98.00  
105.00  91.00   98.00  
106.00  93.00   101.00 
106.00  96.00   101.00 
106.00  98.00   102.00 
107.00  101.00  101.00 
107.00  99.00   103.00 
107.00  100.00  102.00 
107.00  101.00  101.00 
107.00  101.00  101.00 
107.00  98.00   104.00 
106.00  95.00   102.00 
106.00  98.00   99.00  
106.00  96.00   101.00 
106.00  98.00   99.00  
105.00  99.00   100.00 
106.00  98.00   99.00  
106.00  96.00   101.00 
106.00  98.00   99.00  
106.00  98.00   99.00  
106.00  98.00   99.00  
105.00  92.00   97.00  
105.00  88.00   101.00 
105.00  91.00   98.00  
105.00  91.00   98.00  
105.00  92.00   97.00  
105.00  91.00   98.00  
106.00  93.00   99.00  
105.00  89.00   95.00  
105.00  90.00   94.00  
103.00  86.00   95.00  
105.00  85.00   96.00  
105.00  83.00   95.00  
105.00  84.00   97.00  
105.00  88.00   99.00  
105.00  89.00   100.00 
105.00  90.00   99.00  
105.00  91.00   98.00  
106.00  97.00   100.00 
106.00  97.00   100.00 
106.00  98.00   99.00  
107.00  100.00  102.00 
107.00  100.00  102.00 
107.00  100.00  102.00 
107.00  99.00   103.00 
107.00  101.00  101.00 
106.00  97.00   100.00 
106.00  99.00   98.00  
106.00  96.00   101.00 
106.00  97.00   100.00 
106.00  98.00   99.00  
106.00  99.00   98.00  
106.00  101.00  96.00  
106.00  96.00   101.00 
106.00  98.00   99.00  
106.00  96.00   101.00 
105.00  91.00   98.00  
105.00  90.00   99.00  
105.00  92.00   97.00  
105.00  92.00   97.00  
105.00  92.00   97.00  
105.00  91.00   95.00  
105.00  88.00   96.00  
105.00  89.00   95.00  
103.00  86.00   95.00  
103.00  86.00   95.00  
105.00  83.00   95.00  
105.00  83.00   95.00  
105.00  84.00   97.00  
105.00  88.00   96.00  
105.00  90.00   99.00  
105.00  90.00   99.00  
105.00  90.00   99.00  
106.00  96.00   101.00 
106.00  98.00   99.00  
106.00  98.00   99.00  
107.00  100.00  102.00 
107.00  100.00  102.00 
107.00  101.00  101.00 
107.00  100.00  102.00 
107.00  100.00  102.00 
106.00  96.00   101.00 
106.00  99.00   98.00  
106.00  102.00  95.00  
106.00  96.00   98.00  
106.00  96.00   101.00 
106.00  99.00   98.00  
106.00  100.00  97.00  
106.00  97.00   100.00 
106.00  99.00   98.00  
106.00  97.00   100.00 
105.00  94.00   95.00  
105.00  93.00   96.00  
105.00  92.00   97.00  
105.00  91.00   98.00  
105.00  90.00   99.00  
105.00  88.00   96.00  
105.00  88.00   96.00  
105.00  88.00   96.00  
103.00  85.00   96.00  
103.00  86.00   95.00  
105.00  84.00   94.00  
105.00  81.00   95.00  
105.00  84.00   97.00  
105.00  86.00   98.00  
105.00  90.00   99.00  
106.00  89.00   100.00 
105.00  91.00   98.00  
106.00  92.00   100.00 
106.00  97.00   100.00 
106.00  98.00   99.00  
106.00  98.00   101.00 
106.00  98.00   101.00 
106.00  98.00   101.00 
105.00  100.00  99.00  
106.00  98.00   102.00 
105.00  98.00   101.00 
106.00  93.00   101.00 
105.00  97.00   103.00 
106.00  95.00   99.00  
106.00  97.00   100.00 
106.00  98.00   99.00  
106.00  95.00   99.00  
105.00  96.00   98.00  
106.00  93.00   99.00  
106.00  93.00   99.00  
105.00  88.00   96.00  
105.00  86.00   98.00  
105.00  88.00   98.00  
105.00  87.00   97.00  
105.00  88.00   96.00  
105.00  87.00   97.00  
104.00  85.00   96.00  
104.00  84.00   97.00  
104.00  84.00   94.00  
104.00  78.00   95.00  
104.00  79.00   94.00  
106.00  74.00   93.00  
107.00  88.00   99.00  
106.00  88.00   98.00  
105.00  92.00   97.00  
106.00  89.00   100.00 
105.00  90.00   99.00  
105.00  92.00   97.00  
106.00  94.00   100.00 
106.00  98.00   102.00 
106.00  96.00   101.00 
106.00  96.00   101.00 
106.00  96.00   101.00 
106.00  97.00   100.00 
106.00  96.00   101.00 
106.00  96.00   101.00 
106.00  98.00   99.00  
106.00  97.00   100.00 
106.00  94.00   100.00 
106.00  94.00   100.00 
106.00  96.00   98.00  
106.00  94.00   100.00 
105.00  92.00   97.00  
105.00  91.00   98.00  
105.00  92.00   97.00  
104.00  87.00   94.00  
105.00  84.00   97.00  
105.00  83.00   98.00  
105.00  84.00   97.00  
105.00  84.00   97.00  
105.00  81.00   97.00  
105.00  83.00   95.00  
105.00  81.00   97.00  
104.00  74.00   93.00  
104.00  74.00   93.00  
104.00  73.00   94.00  
105.00  67.00   91.00  
105.00  82.00   99.00  
107.00  88.00   98.00  
105.00  89.00   95.00  
105.00  85.00   96.00  
107.00  89.00   97.00  
105.00  91.00   98.00  
105.00  91.00   98.00  
106.00  94.00   100.00 
106.00  95.00   102.00 
106.00  96.00   101.00 
106.00  97.00   100.00 
106.00  95.00   102.00 
106.00  97.00   100.00 
106.00  99.00   98.00  
105.00  97.00   100.00 
106.00  92.00   100.00 
106.00  95.00   99.00  
106.00  94.00   100.00 
106.00  95.00   99.00  
105.00  92.00   97.00  
105.00  93.00   96.00  
105.00  90.00   96.00  
105.00  88.00   96.00  
105.00  86.00   95.00  
105.00  84.00   97.00  
105.00  84.00   97.00  
105.00  85.00   96.00  
105.00  86.00   95.00  
105.00  83.00   95.00  
105.00  84.00   94.00  
104.00  74.00   93.00  
104.00  74.00   93.00  
104.00  73.00   94.00  
105.00  67.00   91.00  
105.00  67.00   91.00  
107.00  77.00   99.00  
105.00  85.00   96.00  
105.00  83.00   98.00  
105.00  84.00   97.00  
105.00  85.00   96.00  
106.00  89.00   97.00  
105.00  91.00   98.00  
105.00  91.00   98.00  
107.00  91.00   101.00 
106.00  94.00   100.00 
105.00  95.00   99.00  
106.00  92.00   100.00 
106.00  95.00   99.00  
105.00  94.00   100.00 
105.00  95.00   99.00  
106.00  90.00   102.00 
107.00  93.00   99.00  
106.00  94.00   98.00  
107.00  89.00   97.00  
107.00  89.00   97.00  
105.00  86.00   95.00  
105.00  86.00   95.00  
105.00  87.00   94.00  
104.00  81.00   94.00  
104.00  81.00   95.00  
104.00  81.00   95.00  
104.00  81.00   94.00  
104.00  82.00   93.00  
105.00  77.00   93.00  
104.00  74.00   93.00  
104.00  72.00   95.00  
106.00  72.00   92.00  
105.00  68.00   90.00  
104.00  65.00   90.00  
102.00  62.00   90.00  
107.00  76.00   97.00  
105.00  81.00   97.00  
105.00  81.00   97.00  
106.00  81.00   98.00  
105.00  84.00   97.00  
105.00  86.00   98.00  
106.00  88.00   99.00  
105.00  89.00   100.00 
105.00  90.00   99.00  
105.00  90.00   99.00  
105.00  90.00   99.00  
105.00  90.00   99.00  
105.00  91.00   98.00  
105.00  92.00   100.00 
105.00  91.00   98.00  
105.00  90.00   99.00  
106.00  89.00   97.00  
107.00  88.00   98.00  
105.00  88.00   96.00  
105.00  84.00   97.00  
105.00  84.00   94.00  
105.00  82.00   96.00  
105.00  82.00   96.00  
104.00  71.00   93.00  
104.00  73.00   94.00  
104.00  74.00   93.00  
104.00  74.00   93.00  
104.00  73.00   94.00  
106.00  69.00   92.00  
105.00  67.00   91.00  
105.00  67.00   91.00  
104.00  59.00   91.00  
104.00  59.00   91.00  
102.00  61.00   92.00  
104.00  57.00   90.00  
104.00  72.00   96.00  
107.00  76.00   97.00  
103.00  81.00   94.00  
107.00  78.00   95.00  
107.00  81.00   95.00  
105.00  85.00   96.00  
106.00  87.00   97.00  
107.00  87.00   100.00 
105.00  89.00   100.00 
105.00  93.00   96.00  
105.00  92.00   97.00  
105.00  93.00   96.00  
106.00  89.00   100.00 
105.00  91.00   98.00  
105.00  91.00   98.00  
107.00  88.00   99.00  
107.00  88.00   99.00  
107.00  88.00   98.00  
105.00  85.00   96.00  
105.00  84.00   94.00  
104.00  81.00   95.00  
104.00  81.00   94.00  
103.00  80.00   92.00  
104.00  71.00   93.00  
104.00  74.00   93.00  
104.00  76.00   91.00  
104.00  75.00   92.00  
104.00  72.00   95.00  
105.00  67.00   92.00  
105.00  65.00   94.00  
105.00  57.00   89.00  
105.00  56.00   91.00  
105.00  57.00   90.00  
104.00  54.00   90.00  
104.00  54.00   89.00  
106.00  67.00   95.00  
104.00  72.00   95.00  
104.00  75.00   92.00  
107.00  79.00   94.00  
107.00  80.00   96.00  
105.00  85.00   96.00  
105.00  83.00   98.00  
106.00  86.00   98.00  
105.00  84.00   97.00  
106.00  83.00   98.00  
107.00  89.00   97.00  
107.00  89.00   97.00  
107.00  88.00   99.00  
105.00  92.00   97.00  
105.00  91.00   98.00  
107.00  89.00   97.00  
107.00  88.00   98.00  
107.00  89.00   97.00  
105.00  82.00   96.00  
105.00  84.00   94.00  
105.00  83.00   95.00  
103.00  81.00   91.00  
104.00  73.00   91.00  
104.00  69.00   92.00  
103.00  69.00   92.00  
103.00  69.00   92.00  
103.00  70.00   91.00  
103.00  70.00   91.00  
103.00  66.00   89.00  
104.00  64.00   91.00  
105.00  57.00   90.00  
104.00  54.00   90.00  
105.00  51.00   90.00  
103.00  51.00   90.00  
103.00  53.00   86.00  
105.00  52.00   99.00  
106.00  62.00   94.00  
106.00  71.00   93.00  
107.00  75.00   95.00  
107.00  74.00   97.00  
107.00  77.00   96.00  
107.00  77.00   96.00  
105.00  83.00   95.00  
106.00  77.00   96.00  
106.00  77.00   96.00  
106.00  80.00   96.00  
106.00  82.00   96.00  
106.00  84.00   97.00  
105.00  84.00   97.00  
105.00  84.00   97.00  
105.00  87.00   94.00  
105.00  86.00   95.00  
105.00  85.00   96.00  
107.00  80.00   96.00  
107.00  79.00   94.00  
106.00  74.00   93.00  
106.00  69.00   93.00  
105.00  67.00   91.00  
103.00  59.00   90.00  
103.00  59.00   91.00  
103.00  59.00   90.00  
103.00  59.00   90.00  
103.00  59.00   90.00  
104.00  57.00   89.00  
103.00  52.00   88.00  
101.00  49.00   88.00  
103.00  46.00   88.00  
100.00  46.00   84.00  
101.00  43.00   83.00  
104.00  40.00   83.00  
105.00  52.00   98.00  
106.00  58.00   93.00  
105.00  66.00   93.00  
106.00  70.00   95.00  
106.00  71.00   94.00  
107.00  80.00   93.00  
107.00  77.00   96.00  
107.00  81.00   95.00  
105.00  83.00   98.00  
105.00  83.00   98.00  
105.00  84.00   97.00  
105.00  85.00   96.00  
105.00  83.00   95.00  
107.00  79.00   94.00  
107.00  77.00   96.00  
106.00  78.00   98.00  
106.00  81.00   94.00  
107.00  78.00   95.00  
106.00  76.00   94.00  
104.00  73.00   94.00  
105.00  67.00   91.00  
104.00  65.00   90.00  
105.00  57.00   90.00  
104.00  54.00   90.00  
104.00  54.00   90.00  
104.00  53.00   91.00  
104.00  54.00   89.00  
104.00  54.00   90.00  
102.00  50.00   87.00  
101.00  50.00   87.00  
102.00  46.00   84.00  
101.00  44.00   82.00  
101.00  44.00   81.00  
103.00  45.00   79.00  
98.00   36.00   78.00  
105.00  46.00   100.00 
105.00  53.00   96.00  
106.00  60.00   94.00  
101.00  60.00   89.00  
105.00  66.00   93.00  
106.00  71.00   94.00  
107.00  77.00   96.00  
107.00  81.00   95.00  
107.00  89.00   97.00  
105.00  85.00   96.00  
105.00  83.00   95.00  
105.00  84.00   94.00  
104.00  82.00   93.00  
104.00  74.00   93.00  
104.00  72.00   96.00  
104.00  73.00   94.00  
104.00  73.00   94.00  
103.00  74.00   93.00  
106.00  71.00   94.00  
105.00  67.00   92.00  
103.00  64.00   92.00  
105.00  57.00   89.00  
104.00  55.00   88.00  
101.00  50.00   86.00  
101.00  50.00   86.00  
99.00   50.00   86.00  
101.00  50.00   87.00  
101.00  50.00   86.00  
103.00  47.00   86.00  
99.00   41.00   81.00  
101.00  45.00   80.00  
104.00  41.00   80.00  
98.00   36.00   79.00  
98.00   36.00   79.00  
98.00   35.00   80.00  
