105.00  151.00  108.00 
105.00  151.00  108.00 
105.00  150.00  109.00 
105.00  148.00  110.00 
104.00  153.00  112.00 
104.00  153.00  112.00 
104.00  151.00  113.00 
104.00  151.00  115.00 
104.00  147.00  118.00 
104.00  147.00  118.00 
103.00  148.00  121.00 
103.00  145.00  123.00 
103.00  150.00  122.00 
104.00  150.00  122.00 
104.00  150.00  122.00 
104.00  147.00  125.00 
104.00  148.00  124.00 
103.00  146.00  124.00 
103.00  146.00  122.00 
103.00  146.00  122.00 
103.00  145.00  123.00 
103.00  145.00  123.00 
103.00  148.00  121.00 
103.00  144.00  124.00 
103.00  145.00  123.00 
103.00  144.00  124.00 
103.00  143.00  125.00 
104.00  146.00  126.00 
103.00  142.00  129.00 
102.00  139.00  138.00 
102.00  112.00  123.00 
101.00  75.00   105.00 
101.00  38.00   93.00  
96.00   28.00   90.00  
90.00   17.00   91.00  
83.00   11.00   89.00  
80.00   17.00   91.00  
73.00   25.00   92.00  
77.00   25.00   92.00  
38.00   30.00   92.00  
104.00  148.00  107.00 
105.00  148.00  110.00 
104.00  151.00  110.00 
104.00  149.00  111.00 
104.00  151.00  113.00 
104.00  152.00  114.00 
104.00  149.00  116.00 
104.00  145.00  120.00 
104.00  145.00  120.00 
103.00  149.00  120.00 
103.00  148.00  121.00 
104.00  147.00  123.00 
104.00  150.00  122.00 
104.00  147.00  125.00 
104.00  148.00  124.00 
104.00  146.00  126.00 
104.00  148.00  124.00 
103.00  149.00  125.00 
103.00  153.00  123.00 
103.00  148.00  126.00 
103.00  148.00  126.00 
103.00  146.00  126.00 
103.00  146.00  122.00 
103.00  144.00  124.00 
103.00  143.00  125.00 
103.00  143.00  125.00 
104.00  141.00  127.00 
103.00  140.00  124.00 
103.00  142.00  131.00 
103.00  136.00  137.00 
103.00  109.00  122.00 
100.00  65.00   102.00 
93.00   31.00   90.00  
97.00   25.00   90.00  
90.00   17.00   90.00  
90.00   22.00   91.00  
80.00   25.00   92.00  
70.00   17.00   89.00  
69.00   20.00   91.00  
56.00   20.00   91.00  
104.00  146.00  108.00 
105.00  147.00  111.00 
104.00  149.00  111.00 
104.00  147.00  113.00 
104.00  145.00  118.00 
104.00  146.00  119.00 
104.00  145.00  120.00 
104.00  145.00  120.00 
104.00  143.00  121.00 
103.00  148.00  121.00 
103.00  148.00  121.00 
104.00  148.00  122.00 
104.00  149.00  123.00 
104.00  150.00  122.00 
104.00  149.00  123.00 
104.00  146.00  126.00 
104.00  149.00  123.00 
103.00  150.00  124.00 
103.00  149.00  125.00 
103.00  148.00  126.00 
103.00  149.00  125.00 
103.00  148.00  126.00 
103.00  146.00  122.00 
103.00  142.00  126.00 
103.00  143.00  125.00 
103.00  141.00  127.00 
103.00  141.00  127.00 
103.00  138.00  126.00 
103.00  139.00  132.00 
102.00  135.00  134.00 
102.00  105.00  119.00 
100.00  57.00   98.00  
93.00   30.00   92.00  
93.00   26.00   89.00  
90.00   18.00   87.00  
86.00   23.00   90.00  
80.00   26.00   89.00  
70.00   18.00   87.00  
73.00   20.00   89.00  
68.00   22.00   92.00  
104.00  146.00  108.00 
104.00  146.00  112.00 
104.00  147.00  113.00 
104.00  142.00  117.00 
104.00  141.00  119.00 
104.00  141.00  123.00 
104.00  143.00  121.00 
104.00  143.00  121.00 
104.00  145.00  120.00 
103.00  146.00  122.00 
103.00  148.00  121.00 
103.00  148.00  121.00 
104.00  149.00  123.00 
103.00  149.00  123.00 
104.00  148.00  124.00 
104.00  147.00  125.00 
104.00  147.00  125.00 
103.00  150.00  124.00 
103.00  147.00  127.00 
103.00  151.00  125.00 
104.00  145.00  128.00 
103.00  147.00  127.00 
103.00  144.00  126.00 
103.00  144.00  126.00 
103.00  144.00  126.00 
103.00  139.00  130.00 
103.00  140.00  129.00 
102.00  139.00  127.00 
103.00  138.00  133.00 
103.00  132.00  133.00 
101.00  102.00  113.00 
99.00   54.00   95.00  
93.00   32.00   89.00  
97.00   25.00   90.00  
90.00   17.00   88.00  
86.00   23.00   90.00  
80.00   25.00   91.00  
70.00   17.00   89.00  
73.00   20.00   90.00  
76.00   31.00   91.00  
104.00  142.00  111.00 
104.00  141.00  116.00 
104.00  144.00  115.00 
104.00  143.00  116.00 
104.00  144.00  119.00 
104.00  143.00  121.00 
104.00  146.00  119.00 
104.00  144.00  119.00 
104.00  145.00  120.00 
103.00  148.00  121.00 
103.00  146.00  122.00 
104.00  148.00  122.00 
103.00  153.00  122.00 
103.00  150.00  124.00 
103.00  150.00  124.00 
103.00  149.00  125.00 
103.00  148.00  126.00 
103.00  150.00  126.00 
103.00  148.00  126.00 
103.00  147.00  127.00 
103.00  149.00  127.00 
103.00  149.00  127.00 
103.00  144.00  126.00 
103.00  143.00  127.00 
103.00  140.00  129.00 
103.00  141.00  128.00 
103.00  141.00  128.00 
103.00  139.00  130.00 
103.00  137.00  134.00 
102.00  131.00  130.00 
101.00  96.00   111.00 
96.00   43.00   94.00  
93.00   32.00   89.00  
97.00   26.00   89.00  
90.00   14.00   88.00  
86.00   23.00   89.00  
80.00   26.00   88.00  
70.00   17.00   89.00  
81.00   20.00   89.00  
78.00   28.00   90.00  
104.00  140.00  113.00 
104.00  139.00  119.00 
104.00  139.00  119.00 
103.00  144.00  115.00 
104.00  144.00  119.00 
104.00  147.00  118.00 
104.00  146.00  119.00 
104.00  147.00  118.00 
104.00  145.00  120.00 
103.00  146.00  122.00 
103.00  148.00  121.00 
103.00  148.00  122.00 
103.00  150.00  124.00 
103.00  149.00  125.00 
103.00  147.00  127.00 
103.00  145.00  128.00 
103.00  149.00  125.00 
103.00  151.00  127.00 
103.00  151.00  127.00 
103.00  149.00  128.00 
103.00  149.00  128.00 
103.00  149.00  128.00 
103.00  143.00  127.00 
103.00  143.00  127.00 
103.00  143.00  127.00 
103.00  141.00  128.00 
103.00  140.00  129.00 
102.00  143.00  130.00 
101.00  136.00  133.00 
102.00  127.00  130.00 
100.00  92.00   108.00 
90.00   33.00   92.00  
93.00   32.00   88.00  
97.00   26.00   87.00  
90.00   20.00   88.00  
86.00   23.00   89.00  
80.00   27.00   86.00  
80.00   18.00   87.00  
80.00   17.00   88.00  
65.00   18.00   87.00  
104.00  140.00  113.00 
105.00  141.00  116.00 
104.00  143.00  116.00 
104.00  142.00  117.00 
104.00  146.00  117.00 
104.00  147.00  118.00 
104.00  146.00  119.00 
104.00  145.00  120.00 
104.00  144.00  122.00 
103.00  145.00  123.00 
103.00  146.00  122.00 
103.00  143.00  125.00 
103.00  152.00  124.00 
103.00  149.00  125.00 
103.00  148.00  126.00 
103.00  145.00  128.00 
103.00  147.00  127.00 
103.00  151.00  127.00 
103.00  149.00  128.00 
103.00  149.00  128.00 
103.00  149.00  128.00 
103.00  148.00  129.00 
102.00  147.00  127.00 
102.00  147.00  127.00 
102.00  145.00  127.00 
102.00  147.00  127.00 
102.00  145.00  128.00 
102.00  142.00  131.00 
102.00  136.00  135.00 
101.00  126.00  127.00 
99.00   87.00   105.00 
93.00   31.00   91.00  
93.00   32.00   88.00  
90.00   23.00   87.00  
90.00   17.00   88.00  
86.00   23.00   87.00  
80.00   26.00   87.00  
80.00   18.00   87.00  
80.00   18.00   86.00  
65.00   18.00   86.00  
104.00  140.00  113.00 
104.00  139.00  114.00 
103.00  140.00  115.00 
103.00  138.00  116.00 
104.00  140.00  118.00 
103.00  144.00  117.00 
103.00  146.00  117.00 
104.00  142.00  122.00 
104.00  141.00  123.00 
103.00  146.00  122.00 
103.00  144.00  124.00 
103.00  143.00  125.00 
102.00  144.00  124.00 
103.00  145.00  125.00 
103.00  145.00  125.00 
103.00  141.00  128.00 
103.00  145.00  125.00 
103.00  145.00  128.00 
103.00  147.00  127.00 
103.00  148.00  129.00 
103.00  148.00  129.00 
103.00  146.00  131.00 
103.00  143.00  127.00 
102.00  145.00  128.00 
102.00  144.00  129.00 
102.00  147.00  128.00 
102.00  144.00  129.00 
102.00  145.00  132.00 
102.00  141.00  137.00 
101.00  114.00  121.00 
96.00   63.00   97.00  
85.00   34.00   90.00  
87.00   26.00   88.00  
80.00   26.00   88.00  
80.00   27.00   86.00  
83.00   26.00   87.00  
90.00   23.00   88.00  
80.00   26.00   87.00  
87.00   30.00   86.00  
60.00   15.00   87.00  
104.00  141.00  112.00 
103.00  138.00  116.00 
103.00  138.00  116.00 
103.00  140.00  115.00 
103.00  140.00  118.00 
103.00  143.00  118.00 
103.00  143.00  118.00 
104.00  142.00  122.00 
104.00  140.00  124.00 
103.00  145.00  123.00 
103.00  144.00  124.00 
103.00  145.00  125.00 
103.00  144.00  126.00 
103.00  144.00  126.00 
103.00  143.00  127.00 
103.00  141.00  128.00 
103.00  145.00  127.00 
103.00  143.00  130.00 
103.00  143.00  130.00 
103.00  147.00  130.00 
103.00  148.00  129.00 
102.00  149.00  128.00 
103.00  143.00  127.00 
102.00  143.00  130.00 
102.00  144.00  129.00 
102.00  146.00  129.00 
102.00  147.00  127.00 
103.00  142.00  135.00 
102.00  139.00  136.00 
101.00  108.00  116.00 
95.00   60.00   93.00  
88.00   34.00   89.00  
87.00   26.00   89.00  
80.00   26.00   88.00  
80.00   26.00   87.00  
83.00   26.00   88.00  
87.00   27.00   86.00  
80.00   27.00   86.00  
83.00   26.00   88.00  
49.00   23.00   88.00  
104.00  137.00  115.00 
103.00  140.00  115.00 
103.00  140.00  115.00 
103.00  136.00  118.00 
104.00  140.00  118.00 
103.00  140.00  120.00 
103.00  141.00  121.00 
104.00  140.00  124.00 
104.00  139.00  125.00 
103.00  146.00  122.00 
103.00  143.00  125.00 
103.00  143.00  127.00 
103.00  143.00  127.00 
103.00  143.00  127.00 
103.00  143.00  127.00 
103.00  143.00  127.00 
103.00  143.00  127.00 
103.00  143.00  130.00 
103.00  142.00  131.00 
103.00  148.00  129.00 
103.00  147.00  130.00 
103.00  148.00  129.00 
103.00  143.00  127.00 
102.00  144.00  129.00 
102.00  145.00  128.00 
102.00  146.00  129.00 
102.00  145.00  130.00 
102.00  143.00  136.00 
101.00  134.00  133.00 
100.00  107.00  112.00 
96.00   52.00   93.00  
90.00   35.00   87.00  
87.00   27.00   86.00  
80.00   27.00   86.00  
80.00   26.00   87.00  
83.00   26.00   87.00  
87.00   27.00   86.00  
80.00   27.00   86.00  
80.00   27.00   86.00  
45.00   24.00   84.00  
104.00  140.00  113.00 
104.00  137.00  115.00 
103.00  137.00  117.00 
103.00  136.00  116.00 
104.00  140.00  118.00 
103.00  139.00  121.00 
103.00  139.00  121.00 
104.00  138.00  126.00 
104.00  139.00  125.00 
103.00  143.00  125.00 
103.00  142.00  126.00 
103.00  141.00  127.00 
102.00  144.00  126.00 
103.00  144.00  126.00 
103.00  141.00  128.00 
103.00  140.00  129.00 
103.00  143.00  127.00 
103.00  144.00  129.00 
103.00  143.00  130.00 
103.00  147.00  130.00 
103.00  147.00  130.00 
103.00  149.00  128.00 
103.00  143.00  127.00 
102.00  147.00  127.00 
102.00  144.00  129.00 
102.00  146.00  129.00 
102.00  145.00  130.00 
102.00  139.00  136.00 
102.00  129.00  130.00 
100.00  91.00   109.00 
95.00   49.00   93.00  
90.00   35.00   88.00  
87.00   26.00   87.00  
80.00   26.00   88.00  
83.00   27.00   86.00  
83.00   27.00   86.00  
90.00   27.00   86.00  
80.00   26.00   87.00  
73.00   22.00   83.00  
36.00   30.00   86.00  
104.00  140.00  113.00 
104.00  137.00  115.00 
103.00  137.00  117.00 
103.00  138.00  116.00 
104.00  138.00  120.00 
103.00  137.00  123.00 
103.00  137.00  123.00 
104.00  137.00  127.00 
104.00  138.00  126.00 
103.00  142.00  126.00 
103.00  137.00  130.00 
103.00  142.00  126.00 
103.00  144.00  126.00 
103.00  144.00  126.00 
103.00  140.00  129.00 
103.00  141.00  128.00 
103.00  144.00  126.00 
103.00  144.00  129.00 
103.00  143.00  130.00 
103.00  147.00  130.00 
103.00  145.00  132.00 
103.00  146.00  131.00 
103.00  140.00  129.00 
102.00  147.00  127.00 
102.00  148.00  126.00 
102.00  147.00  128.00 
102.00  145.00  130.00 
102.00  139.00  136.00 
101.00  128.00  126.00 
99.00   86.00   104.00 
96.00   42.00   90.00  
95.00   38.00   88.00  
87.00   27.00   86.00  
80.00   26.00   88.00  
80.00   27.00   86.00  
83.00   26.00   87.00  
87.00   26.00   87.00  
80.00   27.00   86.00  
60.00   21.00   84.00  
35.00   39.00   85.00  
104.00  136.00  116.00 
104.00  136.00  118.00 
103.00  135.00  119.00 
104.00  138.00  118.00 
104.00  135.00  123.00 
103.00  134.00  126.00 
103.00  138.00  124.00 
104.00  138.00  126.00 
104.00  139.00  125.00 
103.00  142.00  126.00 
103.00  139.00  128.00 
103.00  142.00  126.00 
103.00  143.00  127.00 
103.00  143.00  127.00 
102.00  139.00  128.00 
103.00  143.00  128.00 
103.00  141.00  128.00 
103.00  145.00  128.00 
103.00  144.00  129.00 
103.00  147.00  130.00 
103.00  149.00  128.00 
103.00  146.00  131.00 
103.00  141.00  128.00 
102.00  145.00  128.00 
102.00  144.00  129.00 
102.00  146.00  129.00 
102.00  144.00  133.00 
101.00  140.00  135.00 
101.00  123.00  126.00 
99.00   78.00   102.00 
94.00   41.00   88.00  
94.00   40.00   89.00  
90.00   24.00   85.00  
80.00   26.00   87.00  
80.00   27.00   86.00  
83.00   28.00   83.00  
87.00   27.00   84.00  
78.00   29.00   87.00  
56.00   21.00   85.00  
28.00   42.00   86.00  
104.00  135.00  117.00 
104.00  134.00  118.00 
104.00  133.00  119.00 
104.00  131.00  121.00 
103.00  134.00  120.00 
103.00  134.00  120.00 
103.00  133.00  121.00 
105.00  131.00  125.00 
104.00  130.00  126.00 
103.00  133.00  125.00 
103.00  136.00  124.00 
102.00  136.00  124.00 
103.00  140.00  124.00 
102.00  143.00  125.00 
103.00  137.00  127.00 
103.00  141.00  123.00 
102.00  139.00  128.00 
103.00  143.00  127.00 
102.00  144.00  129.00 
102.00  148.00  126.00 
102.00  149.00  127.00 
102.00  145.00  128.00 
103.00  140.00  129.00 
102.00  142.00  131.00 
102.00  143.00  130.00 
102.00  144.00  131.00 
102.00  139.00  136.00 
102.00  134.00  133.00 
101.00  110.00  116.00 
102.00  57.00   98.00  
95.00   32.00   87.00  
90.00   41.00   88.00  
87.00   26.00   88.00  
87.00   27.00   86.00  
87.00   26.00   87.00  
87.00   27.00   86.00  
87.00   28.00   83.00  
73.00   27.00   86.00  
60.00   21.00   86.00  
25.00   36.00   86.00  
104.00  135.00  117.00 
104.00  134.00  118.00 
104.00  134.00  118.00 
104.00  131.00  121.00 
103.00  136.00  118.00 
103.00  135.00  119.00 
103.00  133.00  121.00 
105.00  132.00  124.00 
104.00  133.00  125.00 
104.00  134.00  124.00 
103.00  133.00  123.00 
102.00  139.00  121.00 
103.00  142.00  122.00 
102.00  150.00  124.00 
103.00  141.00  125.00 
104.00  139.00  125.00 
101.00  145.00  125.00 
103.00  143.00  127.00 
103.00  145.00  127.00 
102.00  150.00  124.00 
102.00  147.00  127.00 
102.00  150.00  124.00 
103.00  141.00  128.00 
102.00  144.00  129.00 
102.00  145.00  127.00 
102.00  144.00  131.00 
102.00  145.00  130.00 
102.00  135.00  130.00 
100.00  105.00  112.00 
99.00   52.00   94.00  
95.00   33.00   85.00  
86.00   42.00   85.00  
87.00   26.00   87.00  
87.00   27.00   86.00  
87.00   27.00   86.00  
87.00   27.00   84.00  
83.00   27.00   84.00  
73.00   27.00   85.00  
60.00   21.00   85.00  
26.00   44.00   87.00  
104.00  133.00  119.00 
104.00  133.00  119.00 
104.00  132.00  120.00 
104.00  132.00  120.00 
103.00  135.00  119.00 
103.00  133.00  121.00 
103.00  131.00  123.00 
104.00  130.00  122.00 
104.00  135.00  125.00 
103.00  136.00  124.00 
103.00  135.00  121.00 
103.00  137.00  119.00 
103.00  135.00  119.00 
102.00  139.00  117.00 
103.00  139.00  112.00 
104.00  141.00  112.00 
102.00  145.00  121.00 
103.00  143.00  127.00 
103.00  142.00  129.00 
102.00  148.00  126.00 
102.00  147.00  127.00 
102.00  144.00  129.00 
103.00  141.00  128.00 
102.00  145.00  128.00 
102.00  144.00  131.00 
102.00  144.00  131.00 
102.00  141.00  134.00 
101.00  137.00  130.00 
100.00  103.00  109.00 
98.00   50.00   92.00  
87.00   30.00   84.00  
80.00   36.00   85.00  
87.00   27.00   86.00  
87.00   27.00   85.00  
87.00   27.00   86.00  
87.00   27.00   84.00  
87.00   27.00   85.00  
73.00   27.00   86.00  
53.00   26.00   87.00  
23.00   52.00   89.00  
104.00  133.00  119.00 
104.00  134.00  118.00 
104.00  134.00  120.00 
104.00  132.00  120.00 
103.00  132.00  122.00 
103.00  135.00  119.00 
104.00  130.00  122.00 
103.00  132.00  122.00 
104.00  135.00  123.00 
104.00  137.00  121.00 
103.00  131.00  115.00 
102.00  124.00  109.00 
103.00  120.00  100.00 
102.00  125.00  94.00  
105.00  126.00  87.00  
105.00  129.00  97.00  
103.00  134.00  114.00 
102.00  140.00  126.00 
102.00  141.00  125.00 
102.00  144.00  124.00 
101.00  145.00  125.00 
101.00  141.00  128.00 
102.00  141.00  127.00 
101.00  144.00  126.00 
101.00  143.00  127.00 
101.00  140.00  131.00 
101.00  136.00  137.00 
101.00  136.00  126.00 
101.00  97.00   108.00 
93.00   52.00   89.00  
83.00   36.00   86.00  
80.00   34.00   89.00  
87.00   27.00   85.00  
87.00   29.00   87.00  
87.00   27.00   85.00  
87.00   27.00   85.00  
87.00   27.00   85.00  
73.00   27.00   84.00  
45.00   36.00   85.00  
23.00   65.00   90.00  
104.00  134.00  118.00 
104.00  133.00  119.00 
104.00  133.00  119.00 
104.00  133.00  119.00 
103.00  136.00  120.00 
103.00  134.00  120.00 
103.00  133.00  121.00 
103.00  133.00  121.00 
103.00  134.00  120.00 
104.00  133.00  115.00 
103.00  118.00  104.00 
102.00  104.00  88.00  
101.00  99.00   77.00  
102.00  91.00   73.00  
107.00  91.00   76.00  
105.00  117.00  83.00  
102.00  133.00  107.00 
103.00  142.00  122.00 
103.00  141.00  125.00 
102.00  142.00  124.00 
102.00  141.00  125.00 
101.00  144.00  124.00 
102.00  141.00  125.00 
101.00  145.00  125.00 
101.00  141.00  128.00 
101.00  140.00  131.00 
101.00  140.00  131.00 
101.00  130.00  122.00 
103.00  84.00   106.00 
94.00   49.00   89.00  
83.00   39.00   86.00  
79.00   32.00   88.00  
87.00   27.00   86.00  
87.00   26.00   87.00  
87.00   27.00   86.00  
87.00   27.00   86.00  
87.00   27.00   86.00  
73.00   28.00   83.00  
41.00   42.00   84.00  
23.00   73.00   94.00  
104.00  135.00  117.00 
104.00  134.00  118.00 
104.00  133.00  119.00 
104.00  133.00  119.00 
103.00  134.00  118.00 
103.00  133.00  121.00 
103.00  133.00  119.00 
103.00  131.00  121.00 
103.00  135.00  119.00 
104.00  131.00  103.00 
102.00  111.00  83.00  
100.00  90.00   71.00  
100.00  81.00   69.00  
104.00  73.00   70.00  
108.00  79.00   74.00  
105.00  122.00  86.00  
103.00  145.00  104.00 
103.00  141.00  123.00 
102.00  140.00  124.00 
102.00  141.00  125.00 
102.00  141.00  125.00 
102.00  141.00  125.00 
102.00  138.00  126.00 
101.00  143.00  127.00 
101.00  141.00  128.00 
101.00  137.00  132.00 
101.00  136.00  129.00 
102.00  117.00  118.00 
104.00  73.00   101.00 
92.00   44.00   87.00  
86.00   44.00   87.00  
87.00   30.00   86.00  
87.00   26.00   87.00  
87.00   26.00   87.00  
87.00   27.00   84.00  
87.00   27.00   84.00  
87.00   27.00   84.00  
73.00   27.00   84.00  
38.00   47.00   87.00  
23.00   81.00   95.00  
104.00  133.00  119.00 
103.00  130.00  120.00 
104.00  133.00  119.00 
103.00  132.00  118.00 
103.00  133.00  119.00 
104.00  131.00  121.00 
103.00  134.00  118.00 
103.00  134.00  118.00 
104.00  134.00  118.00 
104.00  126.00  105.00 
103.00  116.00  79.00  
102.00  89.00   72.00  
102.00  74.00   69.00  
104.00  70.00   69.00  
106.00  88.00   75.00  
104.00  127.00  92.00  
103.00  137.00  115.00 
103.00  140.00  124.00 
103.00  139.00  125.00 
102.00  140.00  126.00 
102.00  141.00  125.00 
102.00  141.00  127.00 
102.00  143.00  125.00 
103.00  139.00  127.00 
102.00  138.00  131.00 
101.00  136.00  133.00 
101.00  133.00  130.00 
101.00  106.00  111.00 
105.00  54.00   94.00  
90.00   45.00   85.00  
90.00   44.00   87.00  
90.00   27.00   86.00  
87.00   27.00   85.00  
87.00   27.00   85.00  
87.00   27.00   84.00  
87.00   27.00   84.00  
87.00   28.00   83.00  
73.00   21.00   85.00  
32.00   44.00   86.00  
24.00   83.00   95.00  
103.00  133.00  117.00 
104.00  131.00  117.00 
103.00  131.00  119.00 
103.00  131.00  119.00 
103.00  132.00  118.00 
103.00  131.00  119.00 
104.00  131.00  117.00 
104.00  125.00  120.00 
103.00  130.00  120.00 
103.00  125.00  112.00 
102.00  126.00  87.00  
104.00  105.00  78.00  
104.00  80.00   73.00  
105.00  72.00   71.00  
103.00  101.00  76.00  
103.00  128.00  96.00  
103.00  135.00  117.00 
103.00  139.00  125.00 
102.00  140.00  124.00 
102.00  141.00  125.00 
102.00  141.00  125.00 
101.00  145.00  125.00 
102.00  142.00  126.00 
103.00  138.00  126.00 
102.00  134.00  133.00 
101.00  134.00  135.00 
102.00  131.00  127.00 
101.00  95.00   107.00 
99.00   37.00   89.00  
84.00   42.00   86.00  
90.00   44.00   86.00  
96.00   30.00   84.00  
87.00   30.00   84.00  
87.00   30.00   84.00  
87.00   31.00   83.00  
87.00   30.00   84.00  
87.00   30.00   84.00  
66.00   15.00   84.00  
26.00   47.00   86.00  
23.00   84.00   97.00  
103.00  133.00  117.00 
103.00  133.00  117.00 
103.00  133.00  117.00 
103.00  132.00  118.00 
103.00  133.00  117.00 
103.00  132.00  118.00 
104.00  131.00  117.00 
104.00  126.00  119.00 
103.00  134.00  120.00 
103.00  130.00  116.00 
103.00  126.00  105.00 
103.00  125.00  86.00  
104.00  102.00  80.00  
102.00  101.00  76.00  
102.00  114.00  83.00  
102.00  131.00  101.00 
102.00  135.00  119.00 
103.00  139.00  125.00 
103.00  139.00  125.00 
102.00  139.00  127.00 
102.00  141.00  125.00 
102.00  140.00  124.00 
101.00  136.00  124.00 
102.00  137.00  127.00 
101.00  136.00  135.00 
101.00  137.00  136.00 
102.00  133.00  125.00 
101.00  90.00   102.00 
96.00   40.00   89.00  
84.00   41.00   87.00  
87.00   32.00   87.00  
90.00   19.00   82.00  
87.00   30.00   84.00  
87.00   30.00   84.00  
87.00   31.00   83.00  
87.00   30.00   84.00  
90.00   30.00   84.00  
66.00   15.00   83.00  
26.00   47.00   86.00  
23.00   83.00   98.00  
103.00  131.00  119.00 
103.00  132.00  118.00 
103.00  133.00  117.00 
103.00  132.00  118.00 
103.00  132.00  118.00 
103.00  132.00  118.00 
103.00  132.00  118.00 
104.00  130.00  116.00 
103.00  132.00  122.00 
103.00  135.00  119.00 
103.00  132.00  118.00 
102.00  125.00  106.00 
101.00  125.00  86.00  
102.00  118.00  84.00  
102.00  125.00  94.00  
101.00  137.00  106.00 
102.00  134.00  120.00 
102.00  138.00  122.00 
102.00  138.00  122.00 
102.00  137.00  123.00 
101.00  140.00  122.00 
101.00  139.00  123.00 
102.00  136.00  122.00 
102.00  133.00  128.00 
101.00  132.00  137.00 
100.00  136.00  131.00 
101.00  130.00  120.00 
101.00  87.00   105.00 
96.00   46.00   89.00  
85.00   35.00   88.00  
87.00   26.00   87.00  
80.00   19.00   80.00  
87.00   30.00   85.00  
87.00   30.00   85.00  
87.00   30.00   84.00  
87.00   30.00   84.00  
79.00   33.00   84.00  
55.00   18.00   84.00  
25.00   55.00   88.00  
23.00   88.00   99.00  
104.00  129.00  117.00 
104.00  130.00  118.00 
103.00  133.00  117.00 
103.00  132.00  118.00 
103.00  132.00  118.00 
104.00  133.00  117.00 
103.00  132.00  118.00 
104.00  131.00  117.00 
104.00  133.00  119.00 
103.00  134.00  120.00 
103.00  134.00  120.00 
103.00  129.00  117.00 
103.00  125.00  106.00 
102.00  129.00  99.00  
102.00  134.00  105.00 
102.00  136.00  118.00 
102.00  137.00  123.00 
103.00  133.00  123.00 
102.00  135.00  123.00 
102.00  137.00  123.00 
102.00  136.00  124.00 
101.00  136.00  122.00 
102.00  131.00  123.00 
102.00  133.00  128.00 
101.00  131.00  136.00 
100.00  133.00  128.00 
101.00  120.00  117.00 
100.00  74.00   97.00  
90.00   44.00   87.00  
84.00   30.00   85.00  
90.00   27.00   84.00  
75.00   31.00   83.00  
79.00   33.00   84.00  
79.00   33.00   85.00  
79.00   33.00   85.00  
79.00   33.00   84.00  
80.00   36.00   85.00  
49.00   24.00   84.00  
27.00   64.00   88.00  
23.00   92.00   100.00 
104.00  129.00  117.00 
104.00  130.00  118.00 
103.00  133.00  117.00 
103.00  132.00  118.00 
103.00  131.00  119.00 
103.00  131.00  119.00 
103.00  133.00  117.00 
103.00  133.00  117.00 
103.00  132.00  118.00 
103.00  131.00  119.00 
103.00  131.00  121.00 
103.00  133.00  119.00 
103.00  125.00  120.00 
102.00  130.00  116.00 
103.00  133.00  117.00 
103.00  136.00  120.00 
103.00  137.00  125.00 
103.00  132.00  124.00 
103.00  133.00  123.00 
102.00  138.00  124.00 
102.00  136.00  124.00 
102.00  134.00  126.00 
103.00  132.00  124.00 
103.00  131.00  130.00 
101.00  127.00  135.00 
101.00  124.00  123.00 
102.00  105.00  112.00 
100.00  57.00   94.00  
88.00   41.00   87.00  
95.00   33.00   86.00  
95.00   33.00   84.00  
85.00   36.00   86.00  
79.00   33.00   86.00  
79.00   33.00   85.00  
79.00   33.00   85.00  
79.00   33.00   86.00  
74.00   32.00   88.00  
40.00   27.00   84.00  
25.00   66.00   89.00  
22.00   96.00   101.00 
104.00  128.00  118.00 
105.00  125.00  118.00 
103.00  130.00  120.00 
104.00  134.00  118.00 
103.00  131.00  119.00 
103.00  132.00  118.00 
103.00  132.00  118.00 
104.00  134.00  118.00 
103.00  133.00  117.00 
103.00  128.00  118.00 
103.00  130.00  120.00 
103.00  130.00  120.00 
103.00  132.00  120.00 
103.00  132.00  122.00 
103.00  133.00  121.00 
103.00  136.00  122.00 
103.00  134.00  124.00 
103.00  133.00  123.00 
103.00  133.00  123.00 
102.00  139.00  123.00 
102.00  136.00  124.00 
102.00  137.00  123.00 
103.00  130.00  126.00 
103.00  130.00  131.00 
101.00  126.00  134.00 
101.00  115.00  120.00 
102.00  90.00   105.00 
99.00   46.00   89.00  
83.00   38.00   87.00  
93.00   31.00   83.00  
93.00   33.00   85.00  
85.00   36.00   84.00  
79.00   33.00   85.00  
79.00   33.00   85.00  
79.00   34.00   83.00  
79.00   33.00   85.00  
75.00   31.00   82.00  
39.00   39.00   84.00  
24.00   70.00   91.00  
23.00   96.00   101.00 
104.00  125.00  116.00 
104.00  122.00  117.00 
103.00  124.00  117.00 
103.00  129.00  117.00 
103.00  131.00  117.00 
103.00  134.00  120.00 
104.00  133.00  119.00 
103.00  132.00  118.00 
103.00  131.00  119.00 
103.00  131.00  119.00 
103.00  131.00  121.00 
103.00  132.00  120.00 
103.00  129.00  121.00 
103.00  130.00  120.00 
103.00  131.00  121.00 
103.00  131.00  121.00 
102.00  131.00  123.00 
103.00  133.00  123.00 
103.00  132.00  124.00 
103.00  132.00  124.00 
102.00  138.00  122.00 
102.00  136.00  124.00 
102.00  129.00  125.00 
101.00  130.00  131.00 
101.00  129.00  132.00 
101.00  106.00  116.00 
100.00  66.00   97.00  
95.00   36.00   85.00  
87.00   30.00   86.00  
79.00   33.00   85.00  
87.00   31.00   83.00  
87.00   30.00   84.00  
79.00   33.00   85.00  
85.00   36.00   84.00  
87.00   31.00   82.00  
83.00   28.00   83.00  
66.00   16.00   81.00  
26.00   45.00   85.00  
23.00   93.00   96.00  
22.00   103.00  102.00 
104.00  126.00  119.00 
104.00  124.00  117.00 
103.00  123.00  116.00 
103.00  131.00  115.00 
103.00  133.00  117.00 
103.00  131.00  119.00 
104.00  130.00  120.00 
103.00  132.00  118.00 
103.00  132.00  118.00 
103.00  131.00  119.00 
103.00  134.00  118.00 
103.00  133.00  119.00 
104.00  132.00  120.00 
103.00  129.00  119.00 
103.00  132.00  120.00 
103.00  131.00  121.00 
103.00  131.00  121.00 
103.00  134.00  120.00 
103.00  132.00  124.00 
103.00  131.00  125.00 
102.00  137.00  123.00 
102.00  137.00  123.00 
102.00  130.00  129.00 
101.00  130.00  133.00 
101.00  130.00  131.00 
101.00  110.00  109.00 
99.00   64.00   96.00  
93.00   33.00   86.00  
90.00   27.00   85.00  
84.00   30.00   85.00  
87.00   33.00   84.00  
87.00   31.00   83.00  
79.00   33.00   84.00  
79.00   33.00   85.00  
87.00   30.00   84.00  
83.00   28.00   82.00  
60.00   16.00   82.00  
26.00   51.00   85.00  
22.00   97.00   97.00  
22.00   103.00  102.00 
104.00  130.00  122.00 
104.00  126.00  119.00 
103.00  131.00  119.00 
104.00  133.00  117.00 
103.00  130.00  120.00 
103.00  131.00  119.00 
104.00  128.00  120.00 
103.00  132.00  118.00 
103.00  131.00  119.00 
103.00  130.00  120.00 
103.00  133.00  119.00 
103.00  132.00  120.00 
103.00  130.00  120.00 
103.00  131.00  121.00 
103.00  131.00  121.00 
103.00  130.00  122.00 
103.00  132.00  120.00 
103.00  130.00  122.00 
103.00  131.00  121.00 
102.00  133.00  121.00 
102.00  132.00  122.00 
102.00  137.00  123.00 
101.00  135.00  127.00 
101.00  129.00  134.00 
101.00  131.00  128.00 
100.00  106.00  106.00 
96.00   57.00   90.00  
93.00   33.00   86.00  
93.00   33.00   84.00  
87.00   30.00   85.00  
87.00   31.00   83.00  
84.00   31.00   83.00  
80.00   27.00   84.00  
82.00   33.00   84.00  
79.00   34.00   83.00  
75.00   25.00   82.00  
51.00   22.00   83.00  
26.00   59.00   87.00  
22.00   99.00   100.00 
22.00   102.00  103.00 
103.00  128.00  126.00 
103.00  130.00  120.00 
103.00  131.00  119.00 
103.00  131.00  119.00 
103.00  131.00  119.00 
103.00  130.00  120.00 
103.00  131.00  119.00 
103.00  131.00  119.00 
103.00  131.00  119.00 
103.00  129.00  121.00 
103.00  132.00  120.00 
103.00  133.00  119.00 
103.00  130.00  120.00 
104.00  128.00  120.00 
103.00  132.00  120.00 
103.00  132.00  120.00 
103.00  131.00  121.00 
103.00  131.00  121.00 
103.00  130.00  122.00 
102.00  133.00  121.00 
102.00  132.00  122.00 
102.00  136.00  122.00 
101.00  133.00  128.00 
102.00  127.00  131.00 
102.00  121.00  126.00 
100.00  97.00   103.00 
95.00   49.00   88.00  
93.00   33.00   85.00  
93.00   33.00   85.00  
93.00   33.00   85.00  
87.00   31.00   83.00  
87.00   31.00   83.00  
80.00   28.00   83.00  
79.00   33.00   85.00  
79.00   34.00   82.00  
68.00   25.00   83.00  
43.00   27.00   84.00  
24.00   71.00   90.00  
22.00   99.00   100.00 
22.00   103.00  102.00 
102.00  122.00  134.00 
103.00  127.00  124.00 
103.00  130.00  120.00 
103.00  131.00  119.00 
103.00  131.00  119.00 
103.00  123.00  118.00 
103.00  124.00  117.00 
103.00  130.00  120.00 
103.00  131.00  119.00 
104.00  128.00  120.00 
103.00  134.00  120.00 
103.00  133.00  119.00 
103.00  130.00  120.00 
103.00  131.00  119.00 
103.00  135.00  117.00 
103.00  133.00  119.00 
103.00  131.00  121.00 
103.00  131.00  121.00 
103.00  131.00  121.00 
103.00  130.00  122.00 
102.00  131.00  123.00 
102.00  134.00  124.00 
101.00  130.00  126.00 
102.00  120.00  127.00 
101.00  119.00  120.00 
98.00   82.00   99.00  
90.00   33.00   84.00  
93.00   33.00   85.00  
93.00   33.00   86.00  
90.00   33.00   85.00  
87.00   31.00   83.00  
79.00   34.00   83.00  
80.00   27.00   84.00  
80.00   28.00   81.00  
80.00   28.00   81.00  
64.00   22.00   82.00  
39.00   31.00   81.00  
25.00   78.00   92.00  
21.00   105.00  102.00 
23.00   103.00  102.00 
100.00  122.00  134.00 
102.00  127.00  131.00 
103.00  129.00  125.00 
103.00  129.00  121.00 
103.00  130.00  120.00 
103.00  124.00  117.00 
103.00  124.00  119.00 
103.00  130.00  120.00 
103.00  130.00  120.00 
103.00  131.00  119.00 
103.00  133.00  119.00 
103.00  133.00  119.00 
103.00  131.00  119.00 
103.00  131.00  119.00 
103.00  133.00  119.00 
103.00  133.00  119.00 
103.00  132.00  120.00 
103.00  128.00  118.00 
102.00  128.00  120.00 
102.00  126.00  121.00 
101.00  130.00  120.00 
100.00  131.00  123.00 
101.00  124.00  127.00 
102.00  113.00  126.00 
102.00  112.00  114.00 
100.00  70.00   98.00  
80.00   27.00   84.00  
93.00   33.00   85.00  
93.00   33.00   85.00  
95.00   36.00   86.00  
87.00   31.00   83.00  
79.00   34.00   83.00  
80.00   28.00   82.00  
81.00   30.00   84.00  
77.00   28.00   81.00  
56.00   25.00   82.00  
39.00   39.00   84.00  
24.00   81.00   94.00  
20.00   107.00  105.00 
21.00   104.00  105.00 
101.00  117.00  131.00 
101.00  129.00  136.00 
102.00  127.00  130.00 
103.00  129.00  125.00 
104.00  128.00  120.00 
103.00  129.00  119.00 
103.00  127.00  116.00 
103.00  124.00  117.00 
103.00  122.00  119.00 
103.00  124.00  119.00 
102.00  123.00  118.00 
102.00  126.00  117.00 
103.00  129.00  117.00 
103.00  131.00  117.00 
103.00  130.00  116.00 
103.00  130.00  116.00 
102.00  129.00  117.00 
102.00  129.00  119.00 
102.00  130.00  118.00 
102.00  129.00  121.00 
102.00  132.00  122.00 
102.00  129.00  125.00 
102.00  129.00  130.00 
102.00  121.00  126.00 
100.00  91.00   104.00 
95.00   48.00   91.00  
87.00   31.00   83.00  
87.00   31.00   83.00  
90.00   30.00   84.00  
90.00   31.00   83.00  
80.00   27.00   84.00  
80.00   28.00   83.00  
87.00   31.00   83.00  
79.00   33.00   85.00  
90.00   28.00   82.00  
70.00   18.00   83.00  
36.00   42.00   84.00  
21.00   92.00   97.00  
22.00   97.00   103.00 
22.00   102.00  103.00 
100.00  98.00   122.00 
100.00  116.00  130.00 
102.00  123.00  135.00 
102.00  129.00  130.00 
103.00  131.00  125.00 
103.00  130.00  122.00 
104.00  130.00  120.00 
103.00  125.00  116.00 
103.00  125.00  118.00 
103.00  128.00  118.00 
102.00  126.00  115.00 
102.00  126.00  115.00 
103.00  130.00  116.00 
103.00  130.00  116.00 
102.00  128.00  118.00 
103.00  129.00  117.00 
103.00  130.00  116.00 
102.00  132.00  116.00 
102.00  130.00  118.00 
103.00  131.00  121.00 
102.00  131.00  123.00 
102.00  126.00  127.00 
102.00  128.00  129.00 
102.00  118.00  123.00 
99.00   82.00   100.00 
94.00   40.00   89.00  
93.00   33.00   86.00  
87.00   30.00   84.00  
87.00   30.00   86.00  
87.00   31.00   83.00  
80.00   28.00   83.00  
80.00   27.00   85.00  
87.00   31.00   82.00  
79.00   33.00   84.00  
87.00   27.00   84.00  
60.00   16.00   82.00  
34.00   46.00   84.00  
21.00   91.00   98.00  
23.00   95.00   102.00 
22.00   102.00  103.00 
96.00   63.00   102.00 
100.00  92.00   116.00 
100.00  112.00  127.00 
100.00  123.00  133.00 
101.00  131.00  132.00 
103.00  129.00  128.00 
104.00  129.00  123.00 
104.00  127.00  122.00 
103.00  130.00  118.00 
103.00  129.00  117.00 
102.00  126.00  117.00 
103.00  125.00  116.00 
103.00  128.00  118.00 
103.00  126.00  119.00 
103.00  128.00  118.00 
103.00  128.00  118.00 
103.00  126.00  119.00 
102.00  130.00  118.00 
102.00  131.00  117.00 
102.00  129.00  121.00 
102.00  130.00  124.00 
102.00  126.00  128.00 
102.00  122.00  128.00 
101.00  112.00  118.00 
100.00  73.00   98.00  
93.00   35.00   87.00  
90.00   36.00   85.00  
87.00   30.00   84.00  
90.00   30.00   84.00  
87.00   31.00   83.00  
83.00   28.00   83.00  
80.00   28.00   83.00  
79.00   34.00   82.00  
81.00   31.00   83.00  
83.00   25.00   82.00  
38.00   25.00   81.00  
28.00   56.00   86.00  
22.00   96.00   98.00  
23.00   98.00   101.00 
22.00   101.00  104.00 
