59.00   113.00  117.00 
62.00   115.00  118.00 
62.00   115.00  115.00 
61.00   113.00  115.00 
62.00   112.00  118.00 
62.00   114.00  116.00 
61.00   115.00  118.00 
61.00   115.00  118.00 
61.00   115.00  118.00 
61.00   119.00  114.00 
61.00   117.00  116.00 
61.00   116.00  117.00 
61.00   113.00  120.00 
61.00   116.00  117.00 
61.00   115.00  118.00 
61.00   115.00  118.00 
61.00   117.00  116.00 
61.00   117.00  116.00 
61.00   116.00  117.00 
59.00   112.00  116.00 
59.00   110.00  118.00 
59.00   109.00  119.00 
59.00   113.00  115.00 
59.00   110.00  118.00 
59.00   110.00  118.00 
59.00   110.00  118.00 
58.00   113.00  117.00 
58.00   113.00  117.00 
55.00   108.00  118.00 
44.00   103.00  114.00 
61.00   117.00  116.00 
62.00   118.00  112.00 
62.00   111.00  119.00 
62.00   115.00  115.00 
62.00   114.00  116.00 
62.00   115.00  115.00 
61.00   117.00  116.00 
61.00   115.00  118.00 
61.00   114.00  119.00 
60.00   113.00  117.00 
61.00   117.00  116.00 
61.00   115.00  118.00 
61.00   116.00  117.00 
61.00   115.00  118.00 
61.00   116.00  117.00 
61.00   116.00  117.00 
61.00   121.00  114.00 
61.00   116.00  117.00 
61.00   115.00  118.00 
61.00   116.00  117.00 
59.00   111.00  117.00 
59.00   110.00  118.00 
59.00   112.00  116.00 
59.00   112.00  116.00 
59.00   111.00  117.00 
59.00   110.00  118.00 
57.00   112.00  118.00 
59.00   113.00  120.00 
59.00   115.00  120.00 
54.00   105.00  119.00 
61.00   116.00  117.00 
62.00   120.00  115.00 
62.00   119.00  116.00 
62.00   119.00  116.00 
62.00   118.00  117.00 
62.00   119.00  116.00 
61.00   117.00  118.00 
61.00   118.00  117.00 
61.00   117.00  118.00 
61.00   118.00  117.00 
61.00   119.00  116.00 
61.00   116.00  119.00 
61.00   119.00  116.00 
61.00   119.00  116.00 
61.00   118.00  117.00 
61.00   119.00  116.00 
61.00   119.00  116.00 
61.00   117.00  118.00 
61.00   116.00  117.00 
61.00   117.00  116.00 
61.00   115.00  118.00 
59.00   111.00  117.00 
59.00   112.00  116.00 
59.00   112.00  116.00 
59.00   111.00  117.00 
59.00   111.00  117.00 
57.00   117.00  116.00 
59.00   117.00  118.00 
62.00   125.00  120.00 
58.00   111.00  119.00 
61.00   115.00  118.00 
62.00   117.00  118.00 
62.00   118.00  117.00 
62.00   117.00  118.00 
62.00   118.00  117.00 
62.00   120.00  115.00 
61.00   117.00  118.00 
61.00   117.00  118.00 
61.00   117.00  118.00 
61.00   119.00  116.00 
61.00   120.00  115.00 
61.00   120.00  115.00 
61.00   119.00  116.00 
61.00   118.00  117.00 
61.00   121.00  116.00 
61.00   122.00  113.00 
61.00   120.00  115.00 
61.00   120.00  115.00 
61.00   120.00  115.00 
61.00   116.00  117.00 
61.00   118.00  115.00 
59.00   114.00  114.00 
59.00   111.00  117.00 
59.00   115.00  113.00 
59.00   112.00  116.00 
59.00   112.00  116.00 
59.00   109.00  119.00 
59.00   112.00  118.00 
61.00   115.00  120.00 
59.00   112.00  118.00 
60.00   113.00  117.00 
62.00   120.00  115.00 
62.00   118.00  117.00 
62.00   118.00  117.00 
62.00   119.00  116.00 
62.00   119.00  116.00 
61.00   120.00  115.00 
61.00   119.00  114.00 
61.00   121.00  114.00 
61.00   119.00  116.00 
61.00   122.00  113.00 
61.00   119.00  116.00 
61.00   119.00  116.00 
61.00   119.00  116.00 
61.00   118.00  117.00 
61.00   120.00  115.00 
62.00   123.00  118.00 
61.00   122.00  113.00 
61.00   117.00  118.00 
61.00   115.00  118.00 
60.00   115.00  115.00 
59.00   112.00  116.00 
59.00   111.00  117.00 
59.00   112.00  116.00 
59.00   110.00  118.00 
59.00   112.00  116.00 
62.00   114.00  116.00 
59.00   111.00  115.00 
59.00   107.00  117.00 
58.00   114.00  116.00 
62.00   121.00  114.00 
62.00   121.00  114.00 
62.00   121.00  114.00 
61.00   118.00  117.00 
61.00   119.00  116.00 
61.00   120.00  117.00 
61.00   119.00  116.00 
61.00   120.00  115.00 
61.00   118.00  117.00 
61.00   118.00  117.00 
61.00   123.00  112.00 
61.00   120.00  115.00 
61.00   118.00  117.00 
61.00   118.00  117.00 
61.00   117.00  118.00 
61.00   120.00  115.00 
61.00   121.00  114.00 
61.00   117.00  118.00 
61.00   119.00  116.00 
61.00   116.00  117.00 
61.00   119.00  116.00 
61.00   115.00  118.00 
61.00   114.00  119.00 
61.00   118.00  115.00 
61.00   116.00  117.00 
61.00   116.00  117.00 
59.00   111.00  117.00 
59.00   113.00  115.00 
59.00   112.00  116.00 
59.00   110.00  116.00 
62.00   118.00  117.00 
62.00   120.00  115.00 
62.00   121.00  114.00 
61.00   119.00  116.00 
61.00   120.00  113.00 
60.00   119.00  118.00 
61.00   119.00  116.00 
61.00   120.00  115.00 
61.00   120.00  115.00 
61.00   117.00  118.00 
61.00   118.00  115.00 
61.00   119.00  116.00 
61.00   117.00  116.00 
61.00   120.00  115.00 
61.00   119.00  116.00 
61.00   120.00  115.00 
61.00   120.00  115.00 
61.00   119.00  116.00 
61.00   120.00  115.00 
61.00   119.00  116.00 
61.00   120.00  115.00 
60.00   117.00  113.00 
60.00   117.00  116.00 
61.00   116.00  117.00 
61.00   117.00  116.00 
61.00   117.00  116.00 
59.00   112.00  116.00 
59.00   113.00  115.00 
59.00   112.00  116.00 
59.00   109.00  117.00 
62.00   119.00  116.00 
62.00   118.00  117.00 
62.00   119.00  114.00 
61.00   119.00  116.00 
61.00   118.00  117.00 
60.00   120.00  117.00 
61.00   116.00  119.00 
61.00   118.00  117.00 
61.00   119.00  116.00 
62.00   121.00  116.00 
61.00   121.00  114.00 
61.00   119.00  116.00 
61.00   118.00  117.00 
61.00   118.00  115.00 
62.00   121.00  116.00 
61.00   118.00  115.00 
61.00   119.00  116.00 
61.00   119.00  116.00 
61.00   118.00  117.00 
61.00   119.00  116.00 
61.00   119.00  116.00 
61.00   115.00  118.00 
61.00   116.00  117.00 
61.00   117.00  116.00 
61.00   117.00  116.00 
61.00   115.00  118.00 
59.00   112.00  116.00 
59.00   114.00  114.00 
59.00   112.00  116.00 
59.00   112.00  114.00 
62.00   120.00  115.00 
62.00   118.00  117.00 
62.00   119.00  116.00 
61.00   119.00  116.00 
61.00   118.00  117.00 
60.00   120.00  117.00 
61.00   120.00  115.00 
61.00   120.00  115.00 
61.00   119.00  116.00 
61.00   120.00  115.00 
61.00   120.00  115.00 
61.00   121.00  114.00 
61.00   120.00  115.00 
61.00   119.00  116.00 
61.00   119.00  116.00 
61.00   118.00  117.00 
61.00   118.00  117.00 
61.00   119.00  116.00 
61.00   121.00  114.00 
61.00   119.00  116.00 
61.00   120.00  115.00 
61.00   117.00  116.00 
61.00   117.00  116.00 
61.00   117.00  116.00 
61.00   117.00  116.00 
61.00   117.00  116.00 
59.00   113.00  115.00 
59.00   115.00  113.00 
59.00   112.00  116.00 
59.00   111.00  115.00 
62.00   119.00  116.00 
62.00   120.00  115.00 
62.00   119.00  114.00 
61.00   118.00  117.00 
61.00   117.00  118.00 
61.00   121.00  116.00 
62.00   125.00  116.00 
63.00   127.00  116.00 
62.00   125.00  116.00 
62.00   125.00  116.00 
62.00   125.00  116.00 
62.00   127.00  114.00 
62.00   125.00  116.00 
63.00   127.00  116.00 
62.00   126.00  115.00 
62.00   123.00  118.00 
61.00   119.00  116.00 
61.00   121.00  114.00 
61.00   123.00  112.00 
61.00   121.00  114.00 
61.00   120.00  115.00 
61.00   119.00  114.00 
61.00   120.00  113.00 
61.00   117.00  116.00 
61.00   117.00  116.00 
61.00   116.00  117.00 
59.00   114.00  114.00 
59.00   111.00  117.00 
59.00   110.00  116.00 
59.00   112.00  114.00 
62.00   122.00  113.00 
62.00   120.00  113.00 
62.00   120.00  115.00 
61.00   119.00  116.00 
61.00   119.00  116.00 
60.00   122.00  115.00 
62.00   127.00  114.00 
62.00   125.00  116.00 
62.00   125.00  116.00 
62.00   126.00  115.00 
62.00   124.00  117.00 
62.00   122.00  117.00 
62.00   127.00  114.00 
62.00   125.00  116.00 
62.00   127.00  114.00 
62.00   125.00  116.00 
61.00   119.00  114.00 
61.00   121.00  114.00 
61.00   121.00  114.00 
61.00   122.00  113.00 
61.00   120.00  115.00 
61.00   118.00  115.00 
60.00   117.00  113.00 
61.00   118.00  115.00 
61.00   117.00  116.00 
61.00   117.00  116.00 
59.00   111.00  117.00 
59.00   114.00  114.00 
59.00   113.00  115.00 
59.00   110.00  116.00 
63.00   124.00  115.00 
63.00   123.00  118.00 
63.00   125.00  116.00 
63.00   127.00  114.00 
63.00   127.00  116.00 
63.00   124.00  117.00 
63.00   126.00  115.00 
63.00   124.00  117.00 
63.00   129.00  115.00 
62.00   125.00  116.00 
62.00   124.00  117.00 
62.00   123.00  118.00 
62.00   126.00  115.00 
62.00   125.00  116.00 
62.00   129.00  113.00 
62.00   126.00  115.00 
61.00   121.00  114.00 
61.00   118.00  117.00 
61.00   119.00  116.00 
61.00   120.00  115.00 
61.00   118.00  117.00 
61.00   118.00  117.00 
61.00   118.00  115.00 
61.00   117.00  116.00 
61.00   117.00  116.00 
61.00   117.00  116.00 
61.00   116.00  117.00 
61.00   118.00  115.00 
61.00   116.00  117.00 
59.00   113.00  115.00 
63.00   123.00  118.00 
63.00   125.00  116.00 
63.00   126.00  115.00 
64.00   127.00  116.00 
63.00   126.00  115.00 
63.00   126.00  115.00 
63.00   127.00  114.00 
63.00   126.00  115.00 
63.00   124.00  115.00 
62.00   122.00  119.00 
62.00   126.00  115.00 
62.00   126.00  115.00 
62.00   126.00  115.00 
62.00   125.00  116.00 
62.00   126.00  115.00 
62.00   125.00  116.00 
61.00   121.00  112.00 
61.00   118.00  117.00 
61.00   119.00  116.00 
61.00   119.00  114.00 
61.00   119.00  116.00 
61.00   117.00  116.00 
61.00   118.00  115.00 
61.00   118.00  115.00 
61.00   119.00  114.00 
61.00   117.00  116.00 
61.00   116.00  117.00 
59.00   116.00  112.00 
60.00   110.00  118.00 
59.00   112.00  116.00 
63.00   126.00  115.00 
63.00   129.00  113.00 
63.00   126.00  115.00 
63.00   126.00  115.00 
63.00   125.00  116.00 
63.00   126.00  115.00 
63.00   127.00  114.00 
63.00   126.00  115.00 
63.00   126.00  115.00 
62.00   126.00  115.00 
62.00   127.00  114.00 
62.00   125.00  116.00 
62.00   123.00  118.00 
62.00   123.00  118.00 
62.00   129.00  115.00 
62.00   127.00  114.00 
61.00   119.00  116.00 
61.00   120.00  115.00 
61.00   123.00  112.00 
61.00   122.00  113.00 
61.00   120.00  115.00 
61.00   121.00  112.00 
61.00   122.00  111.00 
61.00   118.00  115.00 
61.00   116.00  117.00 
61.00   117.00  116.00 
59.00   112.00  116.00 
59.00   112.00  116.00 
59.00   114.00  114.00 
59.00   112.00  116.00 
63.00   126.00  113.00 
63.00   126.00  115.00 
63.00   123.00  118.00 
64.00   127.00  114.00 
63.00   124.00  117.00 
63.00   125.00  116.00 
63.00   126.00  115.00 
63.00   126.00  115.00 
63.00   126.00  115.00 
62.00   126.00  115.00 
62.00   129.00  113.00 
62.00   127.00  114.00 
62.00   125.00  116.00 
62.00   127.00  114.00 
62.00   126.00  115.00 
62.00   126.00  115.00 
61.00   121.00  114.00 
61.00   119.00  116.00 
61.00   119.00  116.00 
61.00   119.00  116.00 
61.00   118.00  117.00 
61.00   118.00  115.00 
61.00   117.00  116.00 
61.00   118.00  115.00 
61.00   116.00  117.00 
61.00   118.00  115.00 
58.00   114.00  112.00 
59.00   112.00  114.00 
59.00   114.00  112.00 
59.00   114.00  114.00 
63.00   126.00  115.00 
63.00   123.00  118.00 
63.00   126.00  115.00 
63.00   125.00  116.00 
63.00   126.00  115.00 
63.00   127.00  114.00 
63.00   127.00  114.00 
63.00   129.00  113.00 
63.00   125.00  114.00 
62.00   126.00  115.00 
62.00   126.00  115.00 
62.00   126.00  115.00 
62.00   125.00  116.00 
62.00   125.00  116.00 
63.00   129.00  113.00 
62.00   130.00  112.00 
61.00   123.00  112.00 
61.00   122.00  113.00 
61.00   121.00  114.00 
61.00   123.00  114.00 
61.00   122.00  113.00 
61.00   120.00  113.00 
61.00   117.00  116.00 
61.00   120.00  113.00 
61.00   122.00  113.00 
61.00   121.00  112.00 
59.00   115.00  111.00 
59.00   116.00  110.00 
59.00   112.00  114.00 
59.00   111.00  115.00 
63.00   127.00  114.00 
63.00   125.00  116.00 
64.00   129.00  115.00 
63.00   125.00  116.00 
63.00   129.00  113.00 
63.00   129.00  113.00 
63.00   125.00  116.00 
63.00   125.00  116.00 
63.00   126.00  115.00 
62.00   126.00  115.00 
62.00   127.00  114.00 
62.00   126.00  115.00 
62.00   127.00  114.00 
62.00   127.00  114.00 
62.00   126.00  115.00 
62.00   127.00  114.00 
61.00   124.00  111.00 
61.00   122.00  113.00 
61.00   120.00  115.00 
61.00   121.00  114.00 
61.00   122.00  113.00 
61.00   120.00  113.00 
61.00   117.00  116.00 
61.00   117.00  116.00 
61.00   122.00  113.00 
61.00   120.00  113.00 
59.00   114.00  114.00 
59.00   112.00  114.00 
59.00   114.00  112.00 
59.00   112.00  114.00 
63.00   125.00  114.00 
63.00   123.00  116.00 
63.00   124.00  115.00 
63.00   123.00  116.00 
63.00   124.00  115.00 
63.00   125.00  114.00 
63.00   125.00  116.00 
63.00   127.00  114.00 
63.00   125.00  116.00 
63.00   126.00  115.00 
63.00   127.00  114.00 
63.00   127.00  114.00 
63.00   126.00  115.00 
63.00   129.00  113.00 
63.00   127.00  114.00 
63.00   127.00  114.00 
62.00   121.00  114.00 
62.00   124.00  113.00 
62.00   122.00  113.00 
61.00   122.00  111.00 
61.00   121.00  112.00 
60.00   118.00  112.00 
61.00   123.00  110.00 
61.00   121.00  112.00 
60.00   116.00  114.00 
59.00   115.00  113.00 
59.00   115.00  113.00 
59.00   112.00  114.00 
58.00   113.00  113.00 
59.00   109.00  112.00 
62.00   120.00  115.00 
62.00   121.00  114.00 
62.00   120.00  115.00 
62.00   119.00  116.00 
62.00   121.00  114.00 
62.00   122.00  113.00 
63.00   129.00  113.00 
63.00   127.00  114.00 
64.00   129.00  115.00 
63.00   126.00  115.00 
63.00   126.00  115.00 
63.00   129.00  113.00 
63.00   126.00  115.00 
63.00   129.00  113.00 
63.00   126.00  115.00 
63.00   129.00  113.00 
62.00   121.00  114.00 
62.00   123.00  112.00 
62.00   122.00  113.00 
62.00   119.00  114.00 
62.00   117.00  111.00 
59.00   116.00  112.00 
61.00   121.00  112.00 
61.00   120.00  113.00 
59.00   117.00  111.00 
59.00   117.00  109.00 
58.00   112.00  112.00 
58.00   114.00  110.00 
58.00   111.00  113.00 
59.00   105.00  114.00 
62.00   119.00  114.00 
62.00   122.00  113.00 
62.00   120.00  115.00 
62.00   121.00  112.00 
62.00   124.00  113.00 
62.00   120.00  115.00 
63.00   126.00  115.00 
63.00   127.00  114.00 
64.00   130.00  114.00 
63.00   127.00  114.00 
64.00   127.00  114.00 
63.00   129.00  113.00 
63.00   129.00  113.00 
63.00   129.00  113.00 
63.00   129.00  113.00 
63.00   129.00  113.00 
62.00   123.00  112.00 
62.00   124.00  111.00 
62.00   121.00  114.00 
62.00   118.00  112.00 
62.00   117.00  113.00 
59.00   116.00  112.00 
61.00   119.00  114.00 
61.00   119.00  114.00 
59.00   119.00  109.00 
59.00   115.00  109.00 
59.00   113.00  113.00 
59.00   113.00  113.00 
58.00   113.00  111.00 
58.00   101.00  116.00 
62.00   120.00  115.00 
62.00   124.00  111.00 
62.00   121.00  112.00 
62.00   121.00  114.00 
62.00   123.00  112.00 
62.00   120.00  115.00 
63.00   129.00  113.00 
63.00   129.00  113.00 
63.00   129.00  113.00 
63.00   126.00  115.00 
63.00   126.00  115.00 
63.00   127.00  114.00 
63.00   129.00  113.00 
63.00   130.00  112.00 
63.00   131.00  111.00 
63.00   127.00  114.00 
62.00   121.00  114.00 
62.00   122.00  113.00 
62.00   124.00  111.00 
62.00   116.00  114.00 
62.00   119.00  111.00 
59.00   117.00  111.00 
59.00   116.00  112.00 
59.00   117.00  111.00 
59.00   113.00  113.00 
59.00   113.00  113.00 
59.00   114.00  114.00 
59.00   110.00  116.00 
58.00   107.00  117.00 
57.00   108.00  109.00 
62.00   121.00  114.00 
62.00   120.00  115.00 
62.00   122.00  113.00 
62.00   121.00  114.00 
62.00   121.00  114.00 
62.00   124.00  111.00 
63.00   131.00  111.00 
64.00   133.00  109.00 
63.00   127.00  114.00 
63.00   126.00  115.00 
63.00   126.00  115.00 
62.00   123.00  112.00 
63.00   129.00  109.00 
62.00   123.00  112.00 
62.00   125.00  110.00 
63.00   125.00  112.00 
62.00   124.00  111.00 
62.00   123.00  112.00 
62.00   121.00  112.00 
62.00   118.00  112.00 
62.00   118.00  112.00 
60.00   121.00  110.00 
59.00   117.00  111.00 
59.00   116.00  110.00 
59.00   116.00  110.00 
59.00   112.00  114.00 
58.00   111.00  115.00 
58.00   109.00  115.00 
57.00   110.00  111.00 
56.00   110.00  102.00 
62.00   120.00  115.00 
62.00   121.00  114.00 
62.00   121.00  114.00 
62.00   119.00  116.00 
62.00   122.00  113.00 
62.00   122.00  113.00 
63.00   126.00  115.00 
63.00   124.00  117.00 
63.00   130.00  112.00 
63.00   127.00  114.00 
63.00   130.00  112.00 
62.00   124.00  111.00 
62.00   123.00  112.00 
62.00   123.00  110.00 
62.00   123.00  112.00 
62.00   123.00  112.00 
62.00   122.00  113.00 
62.00   122.00  113.00 
62.00   120.00  113.00 
61.00   117.00  113.00 
61.00   119.00  111.00 
61.00   120.00  113.00 
59.00   117.00  109.00 
58.00   114.00  110.00 
58.00   111.00  113.00 
59.00   107.00  119.00 
56.00   109.00  112.00 
55.00   111.00  108.00 
55.00   114.00  103.00 
55.00   113.00  99.00  
62.00   121.00  114.00 
62.00   121.00  114.00 
62.00   119.00  116.00 
63.00   121.00  114.00 
62.00   121.00  114.00 
62.00   122.00  113.00 
63.00   129.00  113.00 
63.00   131.00  111.00 
63.00   126.00  115.00 
63.00   127.00  114.00 
63.00   130.00  112.00 
62.00   124.00  111.00 
62.00   120.00  115.00 
62.00   122.00  113.00 
62.00   123.00  112.00 
62.00   121.00  114.00 
62.00   122.00  113.00 
62.00   122.00  111.00 
62.00   122.00  111.00 
61.00   118.00  112.00 
62.00   116.00  114.00 
59.00   118.00  112.00 
59.00   112.00  112.00 
58.00   113.00  111.00 
58.00   109.00  115.00 
58.00   112.00  114.00 
54.00   114.00  105.00 
54.00   119.00  101.00 
53.00   122.00  96.00  
53.00   113.00  97.00  
62.00   116.00  114.00 
62.00   118.00  117.00 
62.00   122.00  113.00 
63.00   122.00  115.00 
62.00   121.00  114.00 
62.00   121.00  114.00 
62.00   122.00  113.00 
62.00   121.00  114.00 
62.00   123.00  114.00 
62.00   121.00  114.00 
62.00   124.00  111.00 
62.00   123.00  112.00 
62.00   122.00  113.00 
62.00   121.00  114.00 
62.00   118.00  112.00 
62.00   121.00  110.00 
62.00   119.00  111.00 
61.00   116.00  110.00 
60.00   112.00  109.00 
61.00   113.00  113.00 
62.00   120.00  113.00 
59.00   110.00  109.00 
60.00   107.00  114.00 
60.00   106.00  116.00 
59.00   107.00  112.00 
57.00   112.00  105.00 
55.00   112.00  100.00 
53.00   113.00  97.00  
53.00   112.00  98.00  
53.00   113.00  97.00  
62.00   116.00  114.00 
62.00   121.00  116.00 
62.00   120.00  113.00 
62.00   122.00  113.00 
62.00   122.00  113.00 
62.00   122.00  113.00 
62.00   123.00  112.00 
62.00   123.00  112.00 
62.00   123.00  112.00 
62.00   123.00  110.00 
62.00   123.00  112.00 
62.00   125.00  110.00 
62.00   125.00  110.00 
62.00   121.00  110.00 
62.00   119.00  111.00 
61.00   116.00  112.00 
61.00   117.00  111.00 
61.00   114.00  110.00 
60.00   111.00  110.00 
61.00   113.00  111.00 
61.00   118.00  110.00 
60.00   106.00  115.00 
60.00   107.00  112.00 
59.00   111.00  110.00 
57.00   112.00  105.00 
55.00   114.00  101.00 
54.00   114.00  98.00  
53.00   114.00  96.00  
53.00   112.00  98.00  
52.00   115.00  95.00  
62.00   116.00  114.00 
62.00   122.00  113.00 
63.00   121.00  114.00 
62.00   121.00  114.00 
62.00   120.00  115.00 
62.00   123.00  112.00 
62.00   123.00  112.00 
62.00   124.00  111.00 
62.00   122.00  113.00 
62.00   122.00  113.00 
63.00   122.00  113.00 
62.00   124.00  111.00 
62.00   123.00  108.00 
62.00   118.00  112.00 
61.00   114.00  112.00 
61.00   114.00  112.00 
61.00   114.00  112.00 
60.00   110.00  111.00 
60.00   112.00  109.00 
60.00   109.00  112.00 
60.00   108.00  113.00 
60.00   105.00  117.00 
59.00   110.00  109.00 
57.00   111.00  106.00 
55.00   118.00  97.00  
54.00   114.00  96.00  
53.00   114.00  96.00  
53.00   113.00  97.00  
53.00   115.00  95.00  
52.00   115.00  95.00  
62.00   116.00  114.00 
62.00   117.00  113.00 
62.00   121.00  110.00 
62.00   117.00  113.00 
62.00   116.00  114.00 
62.00   118.00  112.00 
62.00   119.00  111.00 
62.00   121.00  110.00 
62.00   117.00  113.00 
62.00   122.00  109.00 
62.00   121.00  110.00 
62.00   121.00  110.00 
62.00   122.00  109.00 
62.00   118.00  112.00 
61.00   115.00  111.00 
61.00   115.00  111.00 
60.00   109.00  110.00 
60.00   110.00  111.00 
60.00   110.00  111.00 
59.00   104.00  115.00 
59.00   104.00  115.00 
59.00   109.00  110.00 
57.00   115.00  102.00 
55.00   114.00  98.00  
55.00   118.00  95.00  
53.00   115.00  95.00  
53.00   113.00  97.00  
53.00   117.00  94.00  
52.00   114.00  94.00  
52.00   112.00  96.00  
61.00   114.00  112.00 
62.00   117.00  113.00 
62.00   118.00  112.00 
62.00   119.00  111.00 
62.00   119.00  111.00 
62.00   118.00  112.00 
62.00   119.00  111.00 
62.00   119.00  111.00 
62.00   119.00  111.00 
62.00   119.00  111.00 
62.00   121.00  110.00 
62.00   121.00  110.00 
62.00   119.00  111.00 
61.00   115.00  111.00 
61.00   118.00  110.00 
61.00   116.00  110.00 
60.00   109.00  112.00 
60.00   109.00  112.00 
60.00   106.00  115.00 
59.00   104.00  115.00 
57.00   111.00  106.00 
57.00   113.00  102.00 
55.00   118.00  97.00  
54.00   116.00  97.00  
53.00   114.00  94.00  
53.00   113.00  97.00  
53.00   114.00  94.00  
52.00   115.00  93.00  
52.00   114.00  94.00  
51.00   114.00  94.00  
61.00   114.00  112.00 
62.00   116.00  114.00 
62.00   117.00  113.00 
62.00   119.00  111.00 
62.00   117.00  113.00 
62.00   119.00  111.00 
62.00   119.00  111.00 
62.00   117.00  113.00 
62.00   117.00  113.00 
62.00   117.00  113.00 
62.00   119.00  111.00 
62.00   119.00  111.00 
61.00   114.00  112.00 
61.00   115.00  111.00 
61.00   115.00  111.00 
60.00   110.00  111.00 
59.00   105.00  114.00 
60.00   103.00  119.00 
60.00   108.00  113.00 
58.00   111.00  106.00 
57.00   116.00  101.00 
55.00   118.00  95.00  
55.00   117.00  96.00  
52.00   115.00  93.00  
52.00   112.00  96.00  
54.00   114.00  96.00  
52.00   114.00  94.00  
52.00   114.00  94.00  
52.00   114.00  94.00  
51.00   110.00  95.00  
59.00   116.00  112.00 
61.00   113.00  113.00 
61.00   114.00  112.00 
61.00   116.00  112.00 
60.00   111.00  113.00 
61.00   113.00  113.00 
61.00   115.00  111.00 
61.00   115.00  111.00 
61.00   114.00  112.00 
60.00   110.00  111.00 
60.00   111.00  110.00 
59.00   113.00  108.00 
59.00   109.00  112.00 
60.00   111.00  108.00 
60.00   110.00  111.00 
60.00   108.00  113.00 
59.00   106.00  116.00 
59.00   104.00  115.00 
58.00   111.00  106.00 
57.00   116.00  99.00  
55.00   116.00  97.00  
55.00   114.00  96.00  
53.00   113.00  97.00  
53.00   115.00  95.00  
53.00   117.00  94.00  
52.00   114.00  94.00  
50.00   112.00  93.00  
50.00   112.00  93.00  
51.00   114.00  92.00  
50.00   110.00  95.00  
59.00   114.00  114.00 
61.00   113.00  113.00 
61.00   114.00  112.00 
61.00   115.00  111.00 
61.00   113.00  113.00 
61.00   114.00  112.00 
61.00   114.00  112.00 
61.00   114.00  112.00 
60.00   113.00  111.00 
60.00   110.00  111.00 
60.00   114.00  107.00 
59.00   111.00  108.00 
59.00   110.00  109.00 
59.00   108.00  111.00 
60.00   109.00  112.00 
60.00   106.00  116.00 
58.00   106.00  113.00 
58.00   111.00  106.00 
56.00   115.00  100.00 
55.00   116.00  97.00  
55.00   114.00  98.00  
55.00   117.00  96.00  
53.00   117.00  94.00  
53.00   115.00  95.00  
53.00   118.00  93.00  
52.00   114.00  94.00  
50.00   115.00  91.00  
50.00   111.00  94.00  
50.00   111.00  94.00  
50.00   110.00  95.00  
59.00   114.00  112.00 
61.00   112.00  114.00 
61.00   114.00  112.00 
61.00   112.00  114.00 
61.00   115.00  111.00 
61.00   114.00  114.00 
61.00   114.00  112.00 
60.00   114.00  110.00 
60.00   110.00  111.00 
60.00   112.00  109.00 
60.00   111.00  108.00 
60.00   112.00  109.00 
60.00   110.00  111.00 
59.00   106.00  115.00 
59.00   105.00  114.00 
59.00   106.00  111.00 
57.00   114.00  101.00 
55.00   117.00  98.00  
55.00   114.00  98.00  
53.00   117.00  96.00  
52.00   115.00  95.00  
53.00   117.00  94.00  
53.00   115.00  95.00  
53.00   113.00  97.00  
52.00   115.00  93.00  
52.00   113.00  95.00  
50.00   112.00  93.00  
50.00   112.00  93.00  
50.00   112.00  93.00  
50.00   114.00  92.00  
59.00   116.00  110.00 
60.00   107.00  114.00 
60.00   109.00  112.00 
60.00   110.00  111.00 
60.00   110.00  111.00 
60.00   110.00  111.00 
60.00   111.00  110.00 
60.00   112.00  109.00 
60.00   111.00  110.00 
59.00   112.00  109.00 
59.00   110.00  109.00 
60.00   110.00  111.00 
59.00   105.00  114.00 
59.00   104.00  115.00 
58.00   108.00  109.00 
57.00   115.00  102.00 
55.00   116.00  97.00  
55.00   114.00  98.00  
53.00   118.00  93.00  
52.00   114.00  94.00  
52.00   114.00  94.00  
53.00   115.00  95.00  
53.00   113.00  97.00  
52.00   115.00  93.00  
52.00   112.00  96.00  
52.00   116.00  92.00  
50.00   111.00  94.00  
50.00   112.00  93.00  
50.00   115.00  91.00  
50.00   115.00  91.00  
59.00   115.00  111.00 
60.00   110.00  111.00 
60.00   111.00  110.00 
60.00   108.00  113.00 
60.00   110.00  111.00 
60.00   109.00  112.00 
60.00   110.00  111.00 
60.00   111.00  110.00 
60.00   109.00  110.00 
59.00   109.00  110.00 
59.00   108.00  111.00 
60.00   106.00  115.00 
59.00   102.00  118.00 
57.00   109.00  108.00 
56.00   113.00  102.00 
55.00   116.00  97.00  
55.00   116.00  97.00  
53.00   115.00  95.00  
53.00   115.00  95.00  
52.00   112.00  96.00  
52.00   115.00  93.00  
53.00   118.00  93.00  
52.00   118.00  93.00  
52.00   114.00  94.00  
52.00   114.00  94.00  
50.00   117.00  89.00  
50.00   115.00  91.00  
50.00   114.00  92.00  
50.00   114.00  92.00  
50.00   112.00  93.00  
59.00   113.00  113.00 
60.00   108.00  113.00 
60.00   109.00  112.00 
60.00   109.00  112.00 
60.00   111.00  110.00 
60.00   110.00  111.00 
60.00   109.00  112.00 
60.00   110.00  111.00 
59.00   109.00  110.00 
59.00   107.00  112.00 
59.00   105.00  114.00 
59.00   105.00  114.00 
58.00   111.00  106.00 
56.00   112.00  100.00 
54.00   114.00  98.00  
53.00   117.00  94.00  
53.00   117.00  94.00  
53.00   117.00  94.00  
53.00   115.00  95.00  
53.00   114.00  92.00  
53.00   115.00  93.00  
52.00   116.00  92.00  
52.00   113.00  95.00  
52.00   115.00  93.00  
50.00   112.00  93.00  
50.00   112.00  93.00  
50.00   114.00  92.00  
50.00   114.00  92.00  
50.00   114.00  92.00  
50.00   114.00  92.00  
59.00   114.00  112.00 
60.00   108.00  111.00 
60.00   106.00  113.00 
59.00   108.00  111.00 
59.00   109.00  110.00 
59.00   110.00  109.00 
59.00   109.00  110.00 
59.00   114.00  110.00 
58.00   111.00  113.00 
58.00   106.00  116.00 
58.00   104.00  115.00 
57.00   107.00  107.00 
56.00   112.00  100.00 
54.00   113.00  97.00  
52.00   114.00  96.00  
51.00   114.00  94.00  
53.00   114.00  96.00  
53.00   115.00  95.00  
53.00   114.00  96.00  
53.00   113.00  95.00  
53.00   114.00  94.00  
50.00   114.00  92.00  
51.00   114.00  92.00  
51.00   114.00  92.00  
50.00   112.00  93.00  
50.00   112.00  93.00  
50.00   115.00  91.00  
50.00   114.00  92.00  
51.00   115.00  91.00  
50.00   114.00  92.00  
61.00   112.00  112.00 
59.00   108.00  111.00 
59.00   109.00  112.00 
59.00   108.00  109.00 
58.00   108.00  109.00 
58.00   108.00  109.00 
59.00   108.00  111.00 
58.00   111.00  113.00 
57.00   108.00  116.00 
57.00   108.00  116.00 
57.00   109.00  108.00 
55.00   114.00  98.00  
55.00   117.00  96.00  
53.00   117.00  94.00  
52.00   114.00  94.00  
51.00   115.00  91.00  
53.00   115.00  95.00  
53.00   114.00  96.00  
53.00   114.00  96.00  
52.00   114.00  94.00  
52.00   115.00  93.00  
50.00   111.00  94.00  
50.00   112.00  93.00  
50.00   116.00  90.00  
50.00   114.00  92.00  
50.00   114.00  92.00  
50.00   115.00  91.00  
50.00   112.00  93.00  
50.00   112.00  93.00  
51.00   111.00  92.00  
61.00   107.00  112.00 
60.00   109.00  112.00 
59.00   108.00  111.00 
59.00   109.00  110.00 
59.00   109.00  110.00 
58.00   106.00  111.00 
59.00   105.00  114.00 
57.00   108.00  116.00 
57.00   110.00  114.00 
55.00   115.00  104.00 
55.00   112.00  100.00 
55.00   116.00  97.00  
53.00   115.00  95.00  
53.00   117.00  94.00  
52.00   114.00  94.00  
52.00   116.00  92.00  
54.00   119.00  90.00  
53.00   115.00  95.00  
52.00   115.00  95.00  
52.00   116.00  92.00  
52.00   115.00  93.00  
50.00   112.00  93.00  
50.00   114.00  92.00  
50.00   112.00  93.00  
50.00   111.00  94.00  
50.00   114.00  92.00  
50.00   114.00  92.00  
50.00   114.00  92.00  
50.00   112.00  93.00  
51.00   118.00  91.00  
58.00   106.00  111.00 
60.00   110.00  111.00 
59.00   109.00  112.00 
59.00   107.00  112.00 
59.00   109.00  110.00 
59.00   105.00  114.00 
59.00   102.00  117.00 
57.00   110.00  111.00 
56.00   119.00  103.00 
54.00   119.00  101.00 
54.00   116.00  97.00  
53.00   114.00  96.00  
53.00   115.00  95.00  
52.00   117.00  94.00  
52.00   114.00  94.00  
52.00   114.00  94.00  
53.00   118.00  95.00  
53.00   114.00  94.00  
52.00   114.00  94.00  
52.00   115.00  91.00  
51.00   115.00  93.00  
50.00   112.00  93.00  
50.00   114.00  92.00  
50.00   113.00  90.00  
50.00   114.00  92.00  
50.00   114.00  92.00  
50.00   115.00  91.00  
50.00   114.00  92.00  
50.00   111.00  94.00  
50.00   112.00  93.00  
