48.00   178.00  155.00 
48.00   178.00  155.00 
48.00   181.00  156.00 
48.00   183.00  155.00 
48.00   180.00  157.00 
48.00   181.00  156.00 
48.00   184.00  154.00 
48.00   181.00  155.00 
48.00   180.00  156.00 
48.00   181.00  155.00 
48.00   183.00  153.00 
48.00   185.00  152.00 
48.00   182.00  154.00 
48.00   181.00  155.00 
48.00   184.00  157.00 
48.00   184.00  157.00 
47.00   187.00  157.00 
48.00   184.00  157.00 
48.00   182.00  158.00 
48.00   186.00  155.00 
48.00   187.00  154.00 
48.00   186.00  155.00 
47.00   184.00  155.00 
47.00   183.00  156.00 
47.00   185.00  154.00 
47.00   183.00  156.00 
47.00   184.00  155.00 
47.00   180.00  156.00 
47.00   180.00  156.00 
48.00   180.00  156.00 
49.00   178.00  155.00 
48.00   179.00  154.00 
48.00   183.00  155.00 
48.00   184.00  155.00 
48.00   185.00  153.00 
48.00   181.00  156.00 
48.00   184.00  154.00 
48.00   182.00  154.00 
48.00   180.00  156.00 
48.00   181.00  155.00 
48.00   180.00  156.00 
48.00   185.00  152.00 
48.00   182.00  154.00 
48.00   182.00  154.00 
48.00   182.00  158.00 
48.00   184.00  157.00 
47.00   188.00  156.00 
48.00   182.00  158.00 
48.00   186.00  155.00 
48.00   185.00  156.00 
48.00   184.00  157.00 
48.00   185.00  156.00 
47.00   183.00  156.00 
47.00   186.00  155.00 
47.00   184.00  155.00 
47.00   184.00  155.00 
47.00   185.00  154.00 
47.00   177.00  157.00 
48.00   178.00  155.00 
47.00   180.00  156.00 
49.00   178.00  155.00 
48.00   178.00  155.00 
48.00   185.00  153.00 
48.00   185.00  154.00 
48.00   181.00  156.00 
48.00   183.00  155.00 
48.00   185.00  153.00 
48.00   182.00  154.00 
48.00   180.00  156.00 
48.00   181.00  155.00 
48.00   181.00  155.00 
48.00   183.00  153.00 
48.00   182.00  154.00 
48.00   188.00  153.00 
48.00   185.00  156.00 
48.00   185.00  156.00 
47.00   188.00  156.00 
48.00   184.00  157.00 
48.00   184.00  157.00 
48.00   185.00  156.00 
48.00   185.00  156.00 
48.00   182.00  158.00 
48.00   186.00  155.00 
48.00   184.00  157.00 
48.00   184.00  157.00 
48.00   184.00  157.00 
48.00   182.00  158.00 
47.00   181.00  155.00 
47.00   180.00  154.00 
47.00   183.00  153.00 
48.00   185.00  153.00 
48.00   186.00  152.00 
48.00   187.00  154.00 
48.00   187.00  154.00 
48.00   187.00  154.00 
48.00   186.00  155.00 
48.00   186.00  155.00 
48.00   185.00  156.00 
48.00   185.00  156.00 
48.00   190.00  152.00 
48.00   186.00  155.00 
48.00   185.00  156.00 
48.00   190.00  156.00 
48.00   188.00  157.00 
48.00   190.00  156.00 
48.00   188.00  157.00 
48.00   186.00  159.00 
48.00   185.00  157.00 
48.00   184.00  158.00 
48.00   185.00  157.00 
48.00   185.00  157.00 
48.00   185.00  156.00 
47.00   188.00  156.00 
47.00   187.00  157.00 
47.00   188.00  156.00 
47.00   188.00  156.00 
47.00   187.00  157.00 
47.00   183.00  156.00 
47.00   183.00  156.00 
47.00   182.00  154.00 
48.00   184.00  154.00 
48.00   183.00  155.00 
48.00   187.00  154.00 
48.00   186.00  155.00 
48.00   187.00  154.00 
48.00   185.00  156.00 
48.00   190.00  152.00 
48.00   184.00  157.00 
48.00   182.00  157.00 
48.00   188.00  153.00 
48.00   186.00  155.00 
48.00   185.00  156.00 
48.00   191.00  155.00 
48.00   188.00  157.00 
48.00   187.00  158.00 
48.00   187.00  158.00 
48.00   186.00  159.00 
47.00   187.00  157.00 
47.00   187.00  157.00 
47.00   188.00  156.00 
47.00   189.00  155.00 
47.00   188.00  156.00 
47.00   188.00  156.00 
47.00   189.00  155.00 
47.00   187.00  157.00 
47.00   189.00  155.00 
47.00   188.00  155.00 
47.00   184.00  157.00 
47.00   183.00  156.00 
47.00   182.00  157.00 
49.00   184.00  154.00 
48.00   184.00  154.00 
48.00   188.00  153.00 
48.00   186.00  155.00 
48.00   188.00  153.00 
48.00   185.00  156.00 
48.00   188.00  155.00 
48.00   187.00  154.00 
48.00   187.00  154.00 
48.00   187.00  153.00 
48.00   187.00  154.00 
48.00   186.00  155.00 
48.00   192.00  154.00 
48.00   190.00  156.00 
48.00   188.00  157.00 
48.00   187.00  158.00 
48.00   186.00  159.00 
47.00   188.00  156.00 
47.00   188.00  156.00 
47.00   188.00  156.00 
47.00   188.00  156.00 
47.00   188.00  156.00 
47.00   189.00  155.00 
47.00   189.00  155.00 
47.00   188.00  156.00 
47.00   188.00  155.00 
47.00   188.00  155.00 
47.00   184.00  155.00 
47.00   185.00  154.00 
47.00   183.00  156.00 
48.00   185.00  153.00 
48.00   184.00  154.00 
48.00   185.00  156.00 
48.00   186.00  155.00 
48.00   188.00  153.00 
48.00   184.00  157.00 
48.00   186.00  155.00 
48.00   188.00  153.00 
48.00   190.00  152.00 
48.00   187.00  154.00 
48.00   186.00  155.00 
48.00   186.00  155.00 
48.00   190.00  156.00 
48.00   188.00  157.00 
48.00   188.00  157.00 
48.00   186.00  159.00 
48.00   188.00  157.00 
47.00   188.00  156.00 
47.00   187.00  157.00 
47.00   187.00  157.00 
47.00   188.00  156.00 
47.00   189.00  155.00 
47.00   188.00  156.00 
47.00   188.00  156.00 
47.00   188.00  156.00 
47.00   188.00  155.00 
47.00   189.00  154.00 
48.00   185.00  157.00 
48.00   184.00  157.00 
47.00   184.00  155.00 
48.00   184.00  154.00 
48.00   182.00  154.00 
48.00   185.00  156.00 
48.00   187.00  154.00 
48.00   188.00  153.00 
48.00   185.00  156.00 
48.00   186.00  155.00 
48.00   185.00  156.00 
48.00   184.00  157.00 
48.00   180.00  160.00 
48.00   180.00  160.00 
48.00   182.00  158.00 
48.00   186.00  159.00 
48.00   185.00  160.00 
48.00   183.00  162.00 
48.00   185.00  160.00 
48.00   186.00  159.00 
47.00   186.00  159.00 
48.00   188.00  157.00 
47.00   187.00  158.00 
47.00   188.00  159.00 
47.00   188.00  159.00 
47.00   187.00  157.00 
47.00   188.00  156.00 
47.00   187.00  157.00 
47.00   189.00  154.00 
47.00   185.00  157.00 
48.00   186.00  156.00 
48.00   186.00  155.00 
48.00   183.00  156.00 
48.00   184.00  154.00 
48.00   183.00  155.00 
48.00   187.00  154.00 
48.00   188.00  153.00 
48.00   187.00  154.00 
48.00   184.00  157.00 
48.00   181.00  159.00 
48.00   180.00  160.00 
48.00   180.00  160.00 
48.00   179.00  161.00 
48.00   178.00  162.00 
48.00   179.00  161.00 
48.00   181.00  163.00 
48.00   183.00  162.00 
48.00   183.00  162.00 
48.00   180.00  164.00 
48.00   183.00  162.00 
47.00   181.00  163.00 
47.00   183.00  162.00 
47.00   184.00  161.00 
47.00   186.00  159.00 
47.00   185.00  160.00 
47.00   186.00  158.00 
47.00   187.00  157.00 
47.00   188.00  155.00 
47.00   188.00  155.00 
47.00   189.00  154.00 
48.00   186.00  155.00 
48.00   185.00  156.00 
48.00   184.00  157.00 
48.00   187.00  154.00 
48.00   186.00  155.00 
48.00   187.00  154.00 
48.00   184.00  157.00 
48.00   182.00  158.00 
48.00   180.00  160.00 
48.00   179.00  161.00 
48.00   179.00  161.00 
48.00   184.00  161.00 
48.00   184.00  161.00 
48.00   183.00  163.00 
48.00   183.00  163.00 
48.00   185.00  161.00 
48.00   183.00  163.00 
48.00   183.00  163.00 
48.00   182.00  164.00 
48.00   183.00  163.00 
48.00   180.00  164.00 
48.00   183.00  163.00 
47.00   186.00  163.00 
47.00   187.00  162.00 
48.00   183.00  163.00 
47.00   183.00  162.00 
47.00   185.00  160.00 
47.00   187.00  158.00 
47.00   188.00  157.00 
47.00   190.00  156.00 
47.00   187.00  157.00 
47.00   187.00  157.00 
47.00   185.00  157.00 
48.00   187.00  154.00 
48.00   186.00  155.00 
48.00   186.00  155.00 
48.00   182.00  158.00 
48.00   181.00  159.00 
48.00   181.00  159.00 
48.00   179.00  161.00 
48.00   178.00  162.00 
48.00   183.00  162.00 
48.00   183.00  162.00 
48.00   183.00  163.00 
48.00   183.00  163.00 
48.00   185.00  161.00 
48.00   183.00  163.00 
48.00   182.00  164.00 
48.00   182.00  164.00 
48.00   183.00  163.00 
48.00   179.00  165.00 
48.00   182.00  165.00 
47.00   185.00  164.00 
47.00   186.00  163.00 
48.00   181.00  165.00 
47.00   183.00  162.00 
47.00   183.00  162.00 
47.00   185.00  161.00 
47.00   185.00  160.00 
47.00   185.00  160.00 
47.00   187.00  157.00 
47.00   188.00  156.00 
47.00   188.00  155.00 
48.00   185.00  156.00 
48.00   184.00  157.00 
48.00   182.00  158.00 
48.00   184.00  157.00 
48.00   181.00  159.00 
48.00   181.00  159.00 
48.00   179.00  162.00 
48.00   180.00  160.00 
48.00   181.00  163.00 
48.00   183.00  162.00 
48.00   183.00  163.00 
48.00   183.00  163.00 
48.00   183.00  163.00 
48.00   184.00  162.00 
48.00   182.00  164.00 
48.00   182.00  164.00 
48.00   183.00  163.00 
48.00   180.00  164.00 
48.00   182.00  165.00 
47.00   184.00  165.00 
47.00   184.00  165.00 
48.00   182.00  164.00 
48.00   180.00  164.00 
47.00   181.00  163.00 
47.00   181.00  163.00 
47.00   181.00  163.00 
47.00   184.00  161.00 
47.00   184.00  159.00 
47.00   187.00  157.00 
47.00   188.00  155.00 
48.00   184.00  157.00 
48.00   182.00  158.00 
48.00   181.00  159.00 
48.00   181.00  159.00 
48.00   179.00  161.00 
48.00   179.00  160.00 
48.00   180.00  160.00 
48.00   178.00  162.00 
48.00   180.00  164.00 
48.00   183.00  162.00 
48.00   184.00  161.00 
48.00   183.00  163.00 
48.00   182.00  164.00 
48.00   184.00  161.00 
48.00   181.00  165.00 
48.00   181.00  165.00 
48.00   181.00  165.00 
48.00   179.00  165.00 
48.00   180.00  166.00 
47.00   183.00  166.00 
47.00   183.00  166.00 
48.00   180.00  166.00 
47.00   179.00  165.00 
47.00   180.00  164.00 
47.00   180.00  164.00 
47.00   183.00  162.00 
47.00   183.00  162.00 
47.00   183.00  162.00 
47.00   182.00  161.00 
47.00   184.00  158.00 
48.00   181.00  159.00 
48.00   181.00  159.00 
48.00   187.00  158.00 
48.00   184.00  161.00 
48.00   182.00  161.00 
48.00   183.00  162.00 
48.00   181.00  163.00 
48.00   178.00  162.00 
48.00   181.00  163.00 
48.00   181.00  163.00 
48.00   181.00  163.00 
48.00   182.00  164.00 
48.00   182.00  164.00 
48.00   182.00  164.00 
48.00   181.00  163.00 
48.00   180.00  166.00 
48.00   180.00  166.00 
48.00   178.00  166.00 
48.00   180.00  166.00 
47.00   185.00  164.00 
47.00   182.00  167.00 
48.00   180.00  167.00 
47.00   179.00  165.00 
47.00   177.00  167.00 
47.00   178.00  166.00 
47.00   179.00  165.00 
47.00   183.00  162.00 
47.00   179.00  165.00 
47.00   180.00  163.00 
47.00   182.00  160.00 
48.00   182.00  158.00 
48.00   181.00  159.00 
48.00   185.00  160.00 
48.00   185.00  160.00 
48.00   184.00  161.00 
48.00   184.00  161.00 
48.00   183.00  162.00 
48.00   178.00  162.00 
48.00   181.00  163.00 
48.00   181.00  163.00 
48.00   182.00  164.00 
48.00   183.00  163.00 
48.00   182.00  164.00 
48.00   182.00  164.00 
48.00   181.00  165.00 
48.00   180.00  166.00 
48.00   179.00  167.00 
48.00   178.00  166.00 
48.00   178.00  168.00 
47.00   182.00  167.00 
47.00   181.00  168.00 
48.00   179.00  167.00 
47.00   178.00  166.00 
47.00   177.00  167.00 
47.00   177.00  167.00 
47.00   179.00  165.00 
47.00   180.00  164.00 
47.00   180.00  164.00 
47.00   181.00  162.00 
47.00   179.00  161.00 
48.00   182.00  158.00 
48.00   181.00  159.00 
48.00   179.00  161.00 
47.00   183.00  160.00 
47.00   182.00  161.00 
47.00   184.00  161.00 
47.00   186.00  159.00 
48.00   185.00  161.00 
48.00   184.00  162.00 
48.00   183.00  163.00 
48.00   182.00  164.00 
48.00   183.00  163.00 
48.00   181.00  165.00 
48.00   181.00  165.00 
48.00   180.00  166.00 
48.00   180.00  166.00 
48.00   182.00  164.00 
48.00   180.00  166.00 
47.00   183.00  166.00 
47.00   182.00  167.00 
47.00   184.00  165.00 
47.00   183.00  166.00 
47.00   178.00  166.00 
47.00   177.00  167.00 
47.00   179.00  165.00 
47.00   179.00  165.00 
47.00   180.00  164.00 
47.00   179.00  165.00 
47.00   180.00  163.00 
47.00   181.00  161.00 
48.00   182.00  158.00 
48.00   182.00  158.00 
48.00   179.00  161.00 
47.00   182.00  161.00 
47.00   181.00  162.00 
47.00   183.00  162.00 
47.00   186.00  159.00 
48.00   185.00  161.00 
48.00   183.00  163.00 
48.00   185.00  161.00 
48.00   183.00  163.00 
48.00   184.00  162.00 
48.00   183.00  163.00 
48.00   180.00  164.00 
48.00   180.00  164.00 
48.00   182.00  164.00 
48.00   181.00  165.00 
47.00   183.00  166.00 
47.00   182.00  167.00 
47.00   183.00  166.00 
47.00   183.00  166.00 
47.00   183.00  166.00 
47.00   181.00  165.00 
47.00   178.00  166.00 
47.00   178.00  166.00 
47.00   177.00  167.00 
47.00   178.00  166.00 
47.00   180.00  163.00 
47.00   179.00  164.00 
47.00   178.00  163.00 
48.00   182.00  158.00 
48.00   181.00  159.00 
48.00   179.00  161.00 
47.00   182.00  161.00 
47.00   184.00  159.00 
48.00   183.00  162.00 
47.00   185.00  160.00 
48.00   185.00  161.00 
48.00   183.00  163.00 
48.00   185.00  161.00 
48.00   187.00  161.00 
48.00   184.00  162.00 
48.00   183.00  163.00 
48.00   182.00  164.00 
48.00   182.00  164.00 
48.00   180.00  164.00 
48.00   181.00  165.00 
47.00   183.00  166.00 
47.00   181.00  168.00 
47.00   184.00  165.00 
47.00   182.00  167.00 
47.00   183.00  166.00 
47.00   180.00  164.00 
47.00   179.00  165.00 
47.00   179.00  165.00 
47.00   183.00  162.00 
47.00   181.00  163.00 
47.00   178.00  165.00 
47.00   180.00  163.00 
47.00   178.00  163.00 
48.00   182.00  158.00 
48.00   181.00  159.00 
48.00   180.00  160.00 
47.00   181.00  162.00 
47.00   182.00  161.00 
47.00   184.00  161.00 
48.00   184.00  161.00 
47.00   185.00  160.00 
47.00   184.00  161.00 
47.00   184.00  161.00 
47.00   183.00  162.00 
47.00   183.00  162.00 
48.00   183.00  163.00 
48.00   183.00  163.00 
48.00   182.00  164.00 
48.00   179.00  167.00 
48.00   183.00  163.00 
47.00   184.00  165.00 
47.00   182.00  167.00 
47.00   184.00  165.00 
47.00   185.00  163.00 
47.00   186.00  163.00 
47.00   178.00  168.00 
47.00   178.00  166.00 
47.00   177.00  167.00 
47.00   179.00  165.00 
47.00   180.00  164.00 
47.00   180.00  163.00 
47.00   182.00  161.00 
47.00   178.00  163.00 
48.00   182.00  158.00 
48.00   182.00  158.00 
48.00   180.00  160.00 
47.00   183.00  160.00 
47.00   182.00  161.00 
47.00   185.00  160.00 
47.00   185.00  160.00 
47.00   184.00  161.00 
48.00   184.00  161.00 
47.00   185.00  160.00 
47.00   184.00  161.00 
47.00   183.00  162.00 
47.00   183.00  162.00 
47.00   183.00  162.00 
47.00   183.00  162.00 
47.00   179.00  165.00 
47.00   180.00  164.00 
47.00   183.00  166.00 
47.00   185.00  164.00 
47.00   182.00  167.00 
47.00   181.00  168.00 
47.00   182.00  167.00 
47.00   181.00  163.00 
47.00   180.00  164.00 
47.00   181.00  163.00 
47.00   180.00  164.00 
47.00   181.00  163.00 
47.00   179.00  164.00 
47.00   180.00  163.00 
47.00   177.00  164.00 
48.00   181.00  159.00 
48.00   185.00  156.00 
48.00   180.00  160.00 
47.00   183.00  160.00 
47.00   182.00  161.00 
47.00   184.00  161.00 
47.00   183.00  162.00 
47.00   184.00  161.00 
47.00   184.00  161.00 
47.00   183.00  162.00 
47.00   184.00  161.00 
47.00   183.00  162.00 
47.00   183.00  162.00 
47.00   184.00  161.00 
47.00   185.00  160.00 
47.00   181.00  163.00 
47.00   178.00  166.00 
47.00   185.00  163.00 
47.00   184.00  165.00 
47.00   185.00  164.00 
47.00   184.00  165.00 
47.00   183.00  166.00 
47.00   180.00  164.00 
47.00   179.00  165.00 
47.00   180.00  164.00 
47.00   180.00  164.00 
47.00   180.00  164.00 
47.00   179.00  164.00 
47.00   180.00  163.00 
47.00   179.00  162.00 
48.00   179.00  161.00 
48.00   185.00  156.00 
48.00   183.00  159.00 
47.00   182.00  161.00 
47.00   182.00  161.00 
47.00   183.00  162.00 
47.00   184.00  161.00 
47.00   187.00  158.00 
47.00   184.00  161.00 
47.00   184.00  161.00 
47.00   183.00  162.00 
47.00   184.00  161.00 
47.00   184.00  161.00 
47.00   183.00  162.00 
47.00   180.00  164.00 
47.00   179.00  165.00 
47.00   180.00  164.00 
47.00   185.00  164.00 
47.00   185.00  163.00 
47.00   182.00  165.00 
47.00   181.00  166.00 
47.00   182.00  165.00 
47.00   180.00  164.00 
47.00   179.00  165.00 
47.00   179.00  165.00 
47.00   181.00  163.00 
47.00   181.00  163.00 
47.00   179.00  165.00 
48.00   179.00  165.00 
47.00   178.00  163.00 
47.00   182.00  157.00 
47.00   184.00  158.00 
47.00   184.00  158.00 
47.00   183.00  159.00 
47.00   184.00  158.00 
47.00   185.00  157.00 
47.00   182.00  160.00 
47.00   185.00  160.00 
47.00   184.00  161.00 
47.00   186.00  159.00 
47.00   184.00  161.00 
47.00   183.00  162.00 
47.00   184.00  161.00 
47.00   183.00  162.00 
47.00   184.00  161.00 
47.00   181.00  163.00 
47.00   180.00  164.00 
47.00   182.00  164.00 
47.00   182.00  164.00 
47.00   182.00  164.00 
47.00   180.00  163.00 
47.00   181.00  163.00 
47.00   181.00  163.00 
47.00   181.00  163.00 
47.00   180.00  164.00 
47.00   179.00  164.00 
47.00   183.00  162.00 
47.00   180.00  163.00 
47.00   181.00  161.00 
47.00   181.00  161.00 
47.00   182.00  157.00 
47.00   184.00  158.00 
47.00   183.00  159.00 
47.00   183.00  159.00 
47.00   183.00  159.00 
47.00   183.00  159.00 
47.00   184.00  158.00 
47.00   186.00  159.00 
47.00   185.00  160.00 
47.00   186.00  159.00 
47.00   184.00  161.00 
47.00   183.00  162.00 
47.00   183.00  162.00 
47.00   183.00  162.00 
47.00   183.00  162.00 
47.00   181.00  163.00 
47.00   181.00  163.00 
47.00   183.00  162.00 
47.00   183.00  162.00 
47.00   181.00  163.00 
47.00   181.00  163.00 
47.00   180.00  164.00 
47.00   180.00  164.00 
47.00   183.00  162.00 
47.00   180.00  164.00 
47.00   183.00  162.00 
47.00   181.00  163.00 
47.00   181.00  161.00 
47.00   181.00  161.00 
47.00   178.00  163.00 
47.00   182.00  157.00 
47.00   186.00  156.00 
47.00   183.00  159.00 
47.00   184.00  158.00 
47.00   182.00  160.00 
47.00   182.00  160.00 
47.00   185.00  157.00 
47.00   187.00  158.00 
47.00   184.00  161.00 
47.00   185.00  160.00 
47.00   186.00  159.00 
47.00   185.00  160.00 
47.00   183.00  162.00 
47.00   185.00  160.00 
47.00   184.00  161.00 
47.00   183.00  162.00 
47.00   180.00  164.00 
47.00   183.00  162.00 
47.00   181.00  163.00 
47.00   180.00  164.00 
47.00   180.00  164.00 
47.00   180.00  164.00 
47.00   180.00  164.00 
47.00   179.00  165.00 
47.00   183.00  162.00 
47.00   179.00  165.00 
47.00   183.00  162.00 
47.00   181.00  162.00 
47.00   181.00  161.00 
47.00   181.00  161.00 
47.00   183.00  156.00 
47.00   186.00  158.00 
47.00   185.00  157.00 
47.00   185.00  157.00 
47.00   183.00  159.00 
47.00   184.00  158.00 
47.00   185.00  157.00 
47.00   186.00  159.00 
47.00   186.00  159.00 
47.00   185.00  160.00 
47.00   186.00  160.00 
47.00   185.00  160.00 
48.00   184.00  161.00 
47.00   184.00  161.00 
47.00   184.00  161.00 
47.00   186.00  159.00 
47.00   183.00  162.00 
47.00   181.00  163.00 
47.00   181.00  163.00 
47.00   181.00  163.00 
47.00   180.00  163.00 
47.00   181.00  163.00 
47.00   181.00  163.00 
47.00   181.00  163.00 
47.00   184.00  161.00 
47.00   181.00  163.00 
47.00   183.00  162.00 
47.00   179.00  162.00 
47.00   182.00  160.00 
47.00   181.00  161.00 
47.00   184.00  155.00 
47.00   184.00  158.00 
47.00   188.00  155.00 
47.00   188.00  155.00 
47.00   185.00  157.00 
47.00   186.00  156.00 
47.00   185.00  157.00 
47.00   185.00  160.00 
47.00   185.00  160.00 
47.00   184.00  161.00 
47.00   185.00  160.00 
47.00   185.00  160.00 
47.00   183.00  162.00 
47.00   183.00  162.00 
47.00   184.00  161.00 
47.00   184.00  161.00 
47.00   181.00  163.00 
47.00   181.00  163.00 
47.00   181.00  163.00 
47.00   181.00  163.00 
47.00   180.00  164.00 
47.00   180.00  164.00 
47.00   183.00  162.00 
47.00   183.00  162.00 
47.00   183.00  162.00 
47.00   181.00  163.00 
47.00   182.00  164.00 
47.00   181.00  161.00 
47.00   179.00  162.00 
46.00   180.00  163.00 
47.00   183.00  156.00 
47.00   185.00  157.00 
47.00   185.00  157.00 
47.00   185.00  156.00 
47.00   185.00  157.00 
47.00   186.00  156.00 
47.00   184.00  158.00 
47.00   186.00  159.00 
47.00   185.00  160.00 
47.00   185.00  160.00 
47.00   185.00  160.00 
47.00   185.00  160.00 
48.00   184.00  161.00 
47.00   184.00  161.00 
47.00   184.00  161.00 
48.00   183.00  162.00 
47.00   184.00  161.00 
47.00   183.00  162.00 
47.00   181.00  163.00 
47.00   183.00  162.00 
47.00   181.00  163.00 
47.00   183.00  162.00 
47.00   181.00  163.00 
47.00   183.00  162.00 
47.00   183.00  162.00 
47.00   183.00  162.00 
47.00   184.00  161.00 
47.00   182.00  160.00 
47.00   182.00  161.00 
47.00   181.00  161.00 
47.00   183.00  155.00 
47.00   182.00  157.00 
47.00   186.00  156.00 
47.00   186.00  156.00 
47.00   184.00  158.00 
47.00   185.00  157.00 
47.00   185.00  157.00 
47.00   186.00  158.00 
47.00   184.00  159.00 
47.00   186.00  159.00 
47.00   185.00  157.00 
47.00   184.00  158.00 
48.00   180.00  160.00 
48.00   183.00  162.00 
47.00   186.00  163.00 
47.00   184.00  162.00 
47.00   183.00  159.00 
47.00   183.00  162.00 
47.00   184.00  161.00 
47.00   185.00  161.00 
47.00   184.00  161.00 
47.00   185.00  160.00 
47.00   183.00  162.00 
47.00   183.00  162.00 
47.00   184.00  161.00 
47.00   181.00  161.00 
47.00   181.00  161.00 
47.00   182.00  160.00 
47.00   183.00  159.00 
47.00   183.00  159.00 
47.00   180.00  157.00 
47.00   184.00  155.00 
47.00   188.00  155.00 
47.00   186.00  156.00 
47.00   186.00  156.00 
47.00   186.00  156.00 
47.00   185.00  157.00 
47.00   185.00  157.00 
47.00   185.00  157.00 
47.00   187.00  158.00 
47.00   184.00  159.00 
47.00   187.00  154.00 
46.00   179.00  155.00 
46.00   186.00  152.00 
46.00   189.00  155.00 
47.00   190.00  158.00 
46.00   188.00  161.00 
47.00   181.00  163.00 
47.00   183.00  162.00 
47.00   183.00  160.00 
47.00   183.00  162.00 
47.00   181.00  163.00 
47.00   181.00  163.00 
47.00   181.00  163.00 
47.00   184.00  161.00 
47.00   181.00  161.00 
47.00   181.00  161.00 
47.00   183.00  159.00 
47.00   179.00  161.00 
47.00   179.00  162.00 
47.00   183.00  155.00 
47.00   185.00  153.00 
47.00   181.00  156.00 
47.00   183.00  155.00 
47.00   181.00  156.00 
47.00   183.00  155.00 
47.00   184.00  154.00 
47.00   185.00  157.00 
47.00   185.00  157.00 
47.00   187.00  158.00 
47.00   183.00  156.00 
47.00   180.00  150.00 
46.00   195.00  131.00 
46.00   201.00  127.00 
46.00   203.00  132.00 
46.00   196.00  147.00 
47.00   192.00  157.00 
47.00   184.00  161.00 
47.00   184.00  161.00 
47.00   183.00  162.00 
47.00   184.00  161.00 
47.00   184.00  161.00 
47.00   181.00  163.00 
47.00   181.00  163.00 
46.00   181.00  162.00 
47.00   182.00  160.00 
47.00   179.00  162.00 
47.00   181.00  161.00 
47.00   181.00  161.00 
47.00   182.00  160.00 
46.00   186.00  152.00 
47.00   184.00  154.00 
47.00   181.00  156.00 
47.00   181.00  156.00 
47.00   180.00  157.00 
47.00   183.00  156.00 
47.00   180.00  157.00 
47.00   183.00  155.00 
47.00   185.00  157.00 
47.00   191.00  155.00 
46.00   182.00  153.00 
47.00   188.00  137.00 
45.00   199.00  113.00 
46.00   188.00  118.00 
46.00   200.00  121.00 
47.00   199.00  132.00 
47.00   184.00  155.00 
47.00   184.00  158.00 
47.00   183.00  159.00 
47.00   182.00  160.00 
47.00   180.00  160.00 
47.00   182.00  160.00 
47.00   183.00  162.00 
47.00   180.00  164.00 
47.00   183.00  159.00 
47.00   181.00  161.00 
46.00   179.00  161.00 
46.00   182.00  160.00 
47.00   181.00  161.00 
46.00   179.00  161.00 
46.00   186.00  151.00 
47.00   184.00  154.00 
47.00   186.00  152.00 
47.00   181.00  156.00 
47.00   183.00  155.00 
47.00   183.00  155.00 
47.00   180.00  157.00 
46.00   181.00  155.00 
47.00   186.00  156.00 
47.00   188.00  157.00 
46.00   182.00  153.00 
47.00   194.00  129.00 
45.00   185.00  116.00 
46.00   179.00  117.00 
46.00   195.00  119.00 
47.00   203.00  127.00 
47.00   184.00  154.00 
47.00   183.00  159.00 
47.00   183.00  159.00 
47.00   182.00  160.00 
47.00   183.00  159.00 
47.00   182.00  160.00 
46.00   182.00  161.00 
46.00   181.00  162.00 
46.00   182.00  161.00 
46.00   183.00  159.00 
46.00   182.00  158.00 
46.00   179.00  161.00 
47.00   182.00  160.00 
46.00   180.00  160.00 
46.00   186.00  151.00 
46.00   185.00  152.00 
46.00   183.00  153.00 
46.00   182.00  154.00 
46.00   183.00  155.00 
46.00   182.00  154.00 
46.00   181.00  156.00 
46.00   181.00  156.00 
47.00   185.00  157.00 
47.00   186.00  159.00 
46.00   180.00  154.00 
46.00   174.00  141.00 
45.00   197.00  110.00 
45.00   196.00  113.00 
46.00   188.00  125.00 
46.00   194.00  134.00 
47.00   186.00  156.00 
47.00   183.00  159.00 
47.00   183.00  159.00 
47.00   183.00  159.00 
47.00   182.00  160.00 
47.00   181.00  161.00 
46.00   181.00  162.00 
46.00   183.00  160.00 
46.00   183.00  160.00 
46.00   182.00  158.00 
46.00   181.00  159.00 
46.00   182.00  158.00 
46.00   182.00  158.00 
46.00   182.00  158.00 
46.00   182.00  150.00 
46.00   183.00  149.00 
46.00   183.00  153.00 
46.00   185.00  152.00 
46.00   185.00  153.00 
46.00   183.00  153.00 
47.00   184.00  154.00 
46.00   188.00  153.00 
46.00   184.00  157.00 
46.00   184.00  157.00 
46.00   184.00  155.00 
46.00   181.00  152.00 
46.00   172.00  154.00 
46.00   187.00  142.00 
46.00   189.00  143.00 
46.00   186.00  152.00 
46.00   185.00  156.00 
46.00   181.00  159.00 
46.00   180.00  156.00 
46.00   180.00  156.00 
46.00   176.00  158.00 
46.00   176.00  159.00 
46.00   180.00  160.00 
46.00   182.00  158.00 
46.00   182.00  158.00 
46.00   182.00  160.00 
46.00   184.00  157.00 
46.00   181.00  159.00 
46.00   182.00  157.00 
46.00   183.00  156.00 
46.00   183.00  149.00 
46.00   183.00  149.00 
46.00   190.00  148.00 
46.00   188.00  149.00 
46.00   183.00  153.00 
46.00   186.00  151.00 
46.00   183.00  153.00 
46.00   187.00  154.00 
46.00   188.00  153.00 
46.00   187.00  154.00 
46.00   187.00  154.00 
46.00   186.00  155.00 
46.00   183.00  153.00 
46.00   179.00  155.00 
46.00   181.00  155.00 
46.00   186.00  155.00 
46.00   185.00  157.00 
46.00   182.00  158.00 
46.00   182.00  158.00 
46.00   181.00  159.00 
46.00   181.00  159.00 
46.00   181.00  159.00 
46.00   182.00  157.00 
46.00   182.00  157.00 
46.00   181.00  158.00 
46.00   181.00  158.00 
46.00   183.00  156.00 
46.00   181.00  158.00 
46.00   181.00  158.00 
45.00   182.00  158.00 
46.00   183.00  149.00 
46.00   182.00  150.00 
46.00   187.00  150.00 
46.00   188.00  149.00 
46.00   185.00  152.00 
46.00   188.00  149.00 
46.00   188.00  149.00 
46.00   190.00  150.00 
46.00   188.00  152.00 
46.00   187.00  153.00 
46.00   184.00  155.00 
46.00   187.00  154.00 
46.00   186.00  152.00 
46.00   187.00  151.00 
46.00   187.00  154.00 
46.00   188.00  155.00 
46.00   186.00  156.00 
46.00   184.00  157.00 
46.00   183.00  156.00 
46.00   184.00  157.00 
46.00   182.00  158.00 
46.00   182.00  158.00 
46.00   184.00  155.00 
46.00   182.00  157.00 
46.00   181.00  158.00 
46.00   183.00  156.00 
46.00   181.00  158.00 
46.00   181.00  158.00 
46.00   182.00  157.00 
45.00   184.00  155.00 
46.00   184.00  148.00 
46.00   183.00  149.00 
45.00   188.00  148.00 
46.00   189.00  150.00 
46.00   186.00  151.00 
46.00   186.00  151.00 
46.00   187.00  150.00 
46.00   185.00  152.00 
46.00   185.00  152.00 
46.00   187.00  150.00 
46.00   185.00  152.00 
46.00   187.00  150.00 
46.00   185.00  154.00 
46.00   187.00  154.00 
46.00   186.00  155.00 
46.00   186.00  155.00 
46.00   185.00  157.00 
46.00   187.00  153.00 
45.00   184.00  154.00 
46.00   184.00  155.00 
46.00   184.00  155.00 
46.00   184.00  155.00 
45.00   184.00  155.00 
46.00   183.00  156.00 
46.00   184.00  155.00 
46.00   181.00  158.00 
46.00   182.00  157.00 
46.00   180.00  157.00 
46.00   179.00  157.00 
45.00   180.00  157.00 
46.00   184.00  148.00 
46.00   182.00  150.00 
45.00   188.00  148.00 
45.00   187.00  149.00 
46.00   186.00  151.00 
46.00   185.00  152.00 
46.00   186.00  151.00 
46.00   186.00  151.00 
46.00   185.00  152.00 
46.00   186.00  151.00 
46.00   183.00  152.00 
46.00   186.00  151.00 
46.00   186.00  152.00 
46.00   183.00  153.00 
46.00   181.00  155.00 
46.00   179.00  157.00 
46.00   189.00  150.00 
46.00   181.00  155.00 
46.00   182.00  154.00 
46.00   182.00  154.00 
46.00   182.00  154.00 
46.00   182.00  154.00 
45.00   185.00  153.00 
45.00   185.00  153.00 
45.00   185.00  153.00 
45.00   185.00  153.00 
45.00   182.00  154.00 
45.00   181.00  155.00 
45.00   178.00  156.00 
45.00   178.00  158.00 
46.00   178.00  153.00 
46.00   181.00  151.00 
45.00   188.00  148.00 
45.00   187.00  149.00 
46.00   186.00  152.00 
46.00   185.00  152.00 
46.00   186.00  151.00 
46.00   188.00  149.00 
46.00   186.00  151.00 
46.00   185.00  152.00 
46.00   185.00  152.00 
46.00   182.00  154.00 
46.00   183.00  153.00 
46.00   183.00  153.00 
46.00   180.00  153.00 
46.00   182.00  151.00 
46.00   179.00  154.00 
46.00   178.00  153.00 
46.00   178.00  153.00 
46.00   177.00  154.00 
46.00   178.00  153.00 
46.00   177.00  154.00 
45.00   182.00  153.00 
45.00   183.00  155.00 
45.00   183.00  155.00 
45.00   183.00  155.00 
45.00   181.00  155.00 
45.00   178.00  156.00 
45.00   173.00  161.00 
45.00   175.00  162.00 
45.00   172.00  160.00 
45.00   177.00  157.00 
45.00   182.00  151.00 
45.00   184.00  148.00 
45.00   184.00  148.00 
46.00   185.00  150.00 
46.00   187.00  149.00 
46.00   189.00  147.00 
46.00   188.00  149.00 
46.00   185.00  150.00 
46.00   183.00  152.00 
46.00   184.00  151.00 
46.00   181.00  151.00 
46.00   178.00  153.00 
46.00   182.00  151.00 
46.00   182.00  151.00 
46.00   180.00  153.00 
46.00   178.00  153.00 
46.00   181.00  151.00 
45.00   180.00  152.00 
46.00   180.00  152.00 
46.00   178.00  153.00 
45.00   178.00  153.00 
45.00   178.00  153.00 
45.00   178.00  155.00 
45.00   178.00  158.00 
45.00   174.00  161.00 
45.00   175.00  160.00 
45.00   174.00  160.00 
45.00   178.00  155.00 
44.00   170.00  162.00 
44.00   168.00  164.00 
45.00   173.00  156.00 
45.00   172.00  157.00 
45.00   178.00  153.00 
45.00   182.00  150.00 
46.00   187.00  146.00 
45.00   188.00  148.00 
45.00   183.00  152.00 
45.00   185.00  150.00 
45.00   185.00  150.00 
45.00   187.00  149.00 
45.00   183.00  152.00 
45.00   184.00  151.00 
45.00   187.00  149.00 
45.00   183.00  152.00 
45.00   185.00  150.00 
46.00   181.00  151.00 
46.00   173.00  153.00 
46.00   177.00  150.00 
46.00   174.00  152.00 
46.00   176.00  149.00 
45.00   176.00  152.00 
45.00   173.00  156.00 
45.00   174.00  158.00 
45.00   171.00  161.00 
45.00   173.00  161.00 
45.00   171.00  158.00 
45.00   174.00  155.00 
44.00   173.00  150.00 
45.00   171.00  160.00 
44.00   169.00  163.00 
44.00   167.00  165.00 
44.00   170.00  162.00 
45.00   172.00  160.00 
45.00   175.00  157.00 
45.00   180.00  154.00 
45.00   182.00  153.00 
45.00   184.00  151.00 
45.00   185.00  152.00 
45.00   184.00  151.00 
45.00   185.00  150.00 
45.00   182.00  153.00 
45.00   184.00  151.00 
45.00   185.00  152.00 
45.00   183.00  152.00 
45.00   187.00  149.00 
46.00   177.00  151.00 
46.00   176.00  151.00 
46.00   168.00  158.00 
46.00   174.00  152.00 
46.00   168.00  158.00 
46.00   169.00  163.00 
45.00   168.00  165.00 
46.00   167.00  165.00 
45.00   171.00  161.00 
45.00   175.00  157.00 
45.00   173.00  155.00 
44.00   173.00  150.00 
44.00   175.00  143.00 
44.00   179.00  151.00 
45.00   175.00  153.00 
44.00   175.00  157.00 
44.00   173.00  159.00 
44.00   169.00  163.00 
45.00   167.00  165.00 
45.00   171.00  161.00 
45.00   171.00  161.00 
45.00   172.00  160.00 
45.00   174.00  158.00 
45.00   173.00  158.00 
45.00   180.00  153.00 
45.00   183.00  155.00 
45.00   181.00  156.00 
45.00   180.00  157.00 
45.00   186.00  152.00 
45.00   181.00  156.00 
45.00   175.00  159.00 
45.00   176.00  158.00 
46.00   170.00  162.00 
45.00   169.00  163.00 
45.00   171.00  163.00 
45.00   169.00  167.00 
45.00   175.00  160.00 
45.00   178.00  155.00 
45.00   179.00  151.00 
44.00   176.00  151.00 
44.00   178.00  143.00 
44.00   178.00  142.00 
43.00   177.00  137.00 
44.00   180.00  146.00 
44.00   177.00  148.00 
45.00   178.00  150.00 
45.00   176.00  154.00 
44.00   174.00  155.00 
45.00   169.00  161.00 
45.00   166.00  164.00 
45.00   168.00  164.00 
45.00   169.00  163.00 
45.00   169.00  163.00 
45.00   166.00  166.00 
45.00   167.00  165.00 
45.00   170.00  165.00 
45.00   172.00  162.00 
45.00   169.00  164.00 
45.00   171.00  163.00 
45.00   170.00  165.00 
45.00   169.00  167.00 
45.00   172.00  166.00 
45.00   174.00  164.00 
45.00   175.00  163.00 
45.00   178.00  159.00 
45.00   178.00  158.00 
44.00   178.00  152.00 
44.00   179.00  151.00 
44.00   177.00  147.00 
44.00   179.00  145.00 
43.00   175.00  141.00 
43.00   176.00  139.00 
43.00   176.00  135.00 
44.00   177.00  147.00 
44.00   179.00  145.00 
44.00   175.00  149.00 
45.00   176.00  149.00 
45.00   174.00  151.00 
45.00   173.00  152.00 
45.00   172.00  154.00 
45.00   174.00  158.00 
45.00   175.00  157.00 
45.00   173.00  159.00 
45.00   170.00  162.00 
45.00   168.00  164.00 
45.00   173.00  161.00 
45.00   172.00  162.00 
45.00   173.00  161.00 
45.00   172.00  162.00 
45.00   174.00  160.00 
45.00   173.00  159.00 
44.00   178.00  156.00 
44.00   179.00  154.00 
44.00   180.00  153.00 
44.00   183.00  152.00 
45.00   177.00  148.00 
44.00   175.00  147.00 
44.00   177.00  143.00 
44.00   180.00  142.00 
43.00   181.00  142.00 
43.00   177.00  140.00 
43.00   176.00  139.00 
43.00   173.00  137.00 
44.00   178.00  145.00 
44.00   179.00  145.00 
44.00   181.00  145.00 
44.00   179.00  145.00 
45.00   177.00  148.00 
45.00   179.00  147.00 
45.00   179.00  148.00 
45.00   179.00  151.00 
45.00   182.00  151.00 
45.00   181.00  152.00 
45.00   179.00  154.00 
45.00   178.00  155.00 
45.00   177.00  154.00 
45.00   181.00  151.00 
46.00   177.00  153.00 
45.00   179.00  151.00 
46.00   181.00  151.00 
45.00   176.00  151.00 
45.00   176.00  149.00 
45.00   175.00  150.00 
45.00   179.00  147.00 
45.00   177.00  148.00 
44.00   177.00  143.00 
44.00   177.00  140.00 
44.00   177.00  140.00 
44.00   177.00  140.00 
43.00   180.00  139.00 
43.00   178.00  139.00 
43.00   179.00  137.00 
43.00   177.00  134.00 
44.00   174.00  144.00 
44.00   175.00  144.00 
44.00   177.00  144.00 
44.00   178.00  145.00 
44.00   178.00  146.00 
44.00   178.00  146.00 
44.00   183.00  146.00 
45.00   182.00  147.00 
44.00   183.00  145.00 
45.00   183.00  146.00 
45.00   180.00  147.00 
45.00   178.00  150.00 
45.00   179.00  147.00 
45.00   177.00  148.00 
45.00   176.00  149.00 
45.00   180.00  146.00 
45.00   177.00  148.00 
45.00   176.00  146.00 
45.00   177.00  144.00 
44.00   180.00  142.00 
44.00   178.00  143.00 
44.00   178.00  142.00 
44.00   182.00  139.00 
44.00   177.00  141.00 
44.00   177.00  140.00 
44.00   176.00  139.00 
44.00   174.00  138.00 
43.00   173.00  137.00 
43.00   173.00  137.00 
42.00   171.00  134.00 
43.00   174.00  144.00 
43.00   172.00  145.00 
44.00   178.00  143.00 
44.00   178.00  143.00 
44.00   182.00  144.00 
44.00   181.00  144.00 
44.00   181.00  145.00 
44.00   182.00  147.00 
44.00   183.00  146.00 
44.00   185.00  145.00 
44.00   183.00  146.00 
44.00   183.00  146.00 
44.00   181.00  144.00 
44.00   179.00  145.00 
44.00   181.00  144.00 
44.00   181.00  144.00 
44.00   179.00  145.00 
45.00   178.00  143.00 
44.00   176.00  145.00 
44.00   180.00  142.00 
44.00   178.00  142.00 
44.00   179.00  140.00 
44.00   175.00  141.00 
44.00   177.00  141.00 
44.00   174.00  142.00 
43.00   174.00  138.00 
43.00   176.00  138.00 
43.00   173.00  137.00 
43.00   174.00  136.00 
42.00   170.00  135.00 
43.00   175.00  143.00 
43.00   176.00  142.00 
44.00   178.00  142.00 
44.00   177.00  143.00 
44.00   175.00  144.00 
44.00   178.00  146.00 
44.00   182.00  143.00 
44.00   179.00  144.00 
44.00   182.00  143.00 
44.00   179.00  145.00 
44.00   181.00  144.00 
44.00   181.00  144.00 
44.00   178.00  143.00 
44.00   176.00  145.00 
44.00   178.00  143.00 
44.00   178.00  143.00 
44.00   176.00  145.00 
44.00   180.00  142.00 
44.00   179.00  141.00 
44.00   178.00  142.00 
44.00   180.00  140.00 
44.00   179.00  141.00 
44.00   178.00  139.00 
44.00   178.00  139.00 
43.00   171.00  139.00 
43.00   175.00  137.00 
43.00   172.00  138.00 
43.00   172.00  135.00 
42.00   171.00  134.00 
42.00   170.00  135.00 
