11.00   198.00  170.00 
11.00   196.00  172.00 
12.00   195.00  173.00 
11.00   190.00  177.00 
11.00   183.00  180.00 
11.00   179.00  184.00 
11.00   177.00  186.00 
11.00   170.00  188.00 
11.00   166.00  187.00 
11.00   168.00  187.00 
12.00   170.00  186.00 
11.00   173.00  186.00 
11.00   170.00  189.00 
12.00   171.00  186.00 
12.00   172.00  185.00 
12.00   176.00  184.00 
11.00   185.00  181.00 
11.00   193.00  176.00 
11.00   196.00  177.00 
11.00   202.00  172.00 
11.00   204.00  171.00 
11.00   207.00  171.00 
11.00   207.00  171.00 
11.00   212.00  167.00 
11.00   211.00  168.00 
11.00   209.00  168.00 
11.00   203.00  168.00 
12.00   205.00  168.00 
11.00   204.00  170.00 
12.00   203.00  173.00 
12.00   199.00  173.00 
12.00   198.00  174.00 
12.00   195.00  173.00 
12.00   190.00  176.00 
11.00   183.00  180.00 
11.00   176.00  183.00 
11.00   172.00  187.00 
11.00   174.00  185.00 
11.00   174.00  185.00 
11.00   170.00  188.00 
12.00   169.00  189.00 
11.00   171.00  188.00 
11.00   172.00  187.00 
11.00   172.00  187.00 
11.00   173.00  186.00 
11.00   173.00  186.00 
11.00   175.00  184.00 
12.00   191.00  176.00 
11.00   198.00  170.00 
11.00   193.00  176.00 
11.00   201.00  170.00 
11.00   200.00  173.00 
11.00   206.00  170.00 
11.00   206.00  170.00 
11.00   206.00  170.00 
11.00   206.00  171.00 
11.00   207.00  169.00 
11.00   207.00  170.00 
11.00   208.00  168.00 
11.00   206.00  170.00 
11.00   196.00  173.00 
11.00   196.00  173.00 
11.00   190.00  176.00 
12.00   186.00  180.00 
11.00   182.00  181.00 
11.00   174.00  185.00 
11.00   174.00  185.00 
11.00   175.00  184.00 
11.00   173.00  186.00 
11.00   171.00  188.00 
11.00   171.00  188.00 
11.00   172.00  187.00 
12.00   171.00  189.00 
11.00   173.00  186.00 
11.00   174.00  185.00 
11.00   175.00  184.00 
11.00   174.00  185.00 
11.00   184.00  183.00 
11.00   193.00  174.00 
11.00   193.00  176.00 
11.00   200.00  172.00 
11.00   203.00  171.00 
11.00   204.00  171.00 
11.00   206.00  170.00 
11.00   206.00  170.00 
11.00   208.00  168.00 
11.00   207.00  169.00 
11.00   207.00  169.00 
11.00   208.00  168.00 
11.00   204.00  171.00 
11.00   196.00  173.00 
11.00   195.00  174.00 
11.00   191.00  175.00 
12.00   185.00  179.00 
11.00   181.00  182.00 
11.00   171.00  188.00 
11.00   174.00  185.00 
11.00   174.00  185.00 
11.00   173.00  186.00 
11.00   171.00  188.00 
11.00   170.00  189.00 
11.00   172.00  187.00 
11.00   174.00  185.00 
12.00   173.00  184.00 
11.00   173.00  186.00 
11.00   173.00  186.00 
11.00   175.00  184.00 
11.00   179.00  184.00 
11.00   187.00  180.00 
11.00   194.00  175.00 
11.00   198.00  175.00 
11.00   204.00  171.00 
11.00   206.00  170.00 
11.00   207.00  169.00 
11.00   208.00  168.00 
11.00   207.00  169.00 
11.00   206.00  170.00 
11.00   209.00  167.00 
11.00   207.00  169.00 
11.00   207.00  169.00 
12.00   196.00  173.00 
11.00   194.00  175.00 
11.00   186.00  178.00 
11.00   181.00  180.00 
12.00   178.00  186.00 
11.00   174.00  185.00 
12.00   176.00  184.00 
12.00   175.00  185.00 
12.00   175.00  185.00 
12.00   175.00  185.00 
12.00   173.00  187.00 
11.00   172.00  187.00 
11.00   172.00  187.00 
11.00   172.00  187.00 
11.00   173.00  186.00 
11.00   173.00  186.00 
11.00   173.00  186.00 
11.00   176.00  187.00 
11.00   186.00  180.00 
11.00   191.00  176.00 
12.00   199.00  173.00 
11.00   202.00  173.00 
11.00   203.00  171.00 
11.00   205.00  169.00 
11.00   207.00  169.00 
11.00   206.00  168.00 
11.00   206.00  168.00 
11.00   209.00  167.00 
11.00   208.00  168.00 
11.00   207.00  169.00 
11.00   194.00  172.00 
11.00   190.00  176.00 
11.00   185.00  179.00 
11.00   181.00  182.00 
11.00   178.00  185.00 
12.00   176.00  184.00 
12.00   176.00  184.00 
12.00   176.00  184.00 
12.00   175.00  185.00 
12.00   173.00  187.00 
12.00   172.00  188.00 
12.00   174.00  186.00 
11.00   171.00  188.00 
11.00   173.00  186.00 
11.00   173.00  186.00 
11.00   172.00  187.00 
11.00   172.00  187.00 
11.00   175.00  188.00 
12.00   181.00  183.00 
11.00   189.00  178.00 
12.00   196.00  176.00 
12.00   207.00  169.00 
12.00   203.00  170.00 
12.00   204.00  169.00 
12.00   206.00  167.00 
12.00   205.00  168.00 
12.00   207.00  166.00 
11.00   206.00  170.00 
11.00   207.00  169.00 
11.00   206.00  170.00 
11.00   193.00  173.00 
11.00   189.00  177.00 
11.00   185.00  178.00 
11.00   180.00  183.00 
12.00   180.00  184.00 
12.00   177.00  182.00 
12.00   175.00  185.00 
12.00   175.00  185.00 
12.00   175.00  185.00 
12.00   175.00  185.00 
12.00   173.00  187.00 
12.00   174.00  186.00 
11.00   174.00  185.00 
11.00   172.00  187.00 
12.00   172.00  185.00 
12.00   172.00  185.00 
11.00   173.00  186.00 
11.00   177.00  186.00 
11.00   178.00  185.00 
11.00   188.00  179.00 
12.00   196.00  176.00 
12.00   202.00  173.00 
12.00   200.00  172.00 
12.00   203.00  170.00 
12.00   204.00  169.00 
12.00   204.00  169.00 
12.00   207.00  166.00 
11.00   204.00  171.00 
11.00   204.00  171.00 
11.00   207.00  169.00 
11.00   189.00  175.00 
11.00   186.00  177.00 
11.00   182.00  181.00 
11.00   182.00  181.00 
11.00   180.00  183.00 
11.00   177.00  186.00 
11.00   177.00  186.00 
12.00   176.00  184.00 
12.00   177.00  183.00 
12.00   175.00  185.00 
12.00   174.00  186.00 
12.00   173.00  187.00 
11.00   176.00  187.00 
12.00   177.00  186.00 
11.00   178.00  185.00 
11.00   177.00  186.00 
11.00   174.00  189.00 
11.00   179.00  184.00 
11.00   177.00  187.00 
11.00   184.00  180.00 
11.00   193.00  174.00 
11.00   198.00  171.00 
12.00   200.00  172.00 
12.00   206.00  171.00 
12.00   207.00  169.00 
12.00   204.00  169.00 
12.00   203.00  170.00 
12.00   204.00  169.00 
12.00   204.00  169.00 
12.00   204.00  169.00 
11.00   189.00  174.00 
11.00   184.00  179.00 
11.00   180.00  183.00 
11.00   181.00  182.00 
12.00   180.00  183.00 
11.00   177.00  186.00 
11.00   178.00  185.00 
12.00   177.00  183.00 
12.00   177.00  183.00 
12.00   174.00  186.00 
12.00   174.00  185.00 
12.00   174.00  186.00 
11.00   176.00  187.00 
11.00   176.00  187.00 
11.00   177.00  186.00 
11.00   176.00  187.00 
11.00   177.00  186.00 
11.00   178.00  185.00 
11.00   177.00  186.00 
11.00   179.00  185.00 
11.00   190.00  177.00 
11.00   193.00  174.00 
11.00   198.00  175.00 
12.00   206.00  171.00 
11.00   203.00  171.00 
11.00   202.00  172.00 
11.00   204.00  170.00 
12.00   206.00  167.00 
12.00   204.00  169.00 
12.00   203.00  170.00 
11.00   184.00  179.00 
11.00   179.00  182.00 
11.00   180.00  183.00 
11.00   181.00  182.00 
11.00   180.00  183.00 
11.00   178.00  185.00 
11.00   178.00  185.00 
11.00   179.00  182.00 
12.00   178.00  182.00 
12.00   176.00  184.00 
12.00   176.00  184.00 
12.00   177.00  183.00 
11.00   176.00  187.00 
11.00   175.00  188.00 
11.00   176.00  187.00 
11.00   177.00  186.00 
11.00   178.00  185.00 
11.00   178.00  185.00 
11.00   178.00  185.00 
11.00   180.00  183.00 
11.00   188.00  179.00 
11.00   195.00  173.00 
11.00   200.00  175.00 
11.00   201.00  174.00 
11.00   201.00  174.00 
11.00   204.00  171.00 
11.00   201.00  174.00 
12.00   204.00  169.00 
12.00   204.00  169.00 
12.00   204.00  169.00 
11.00   180.00  181.00 
11.00   179.00  181.00 
11.00   181.00  182.00 
11.00   178.00  185.00 
11.00   178.00  185.00 
11.00   180.00  183.00 
11.00   178.00  185.00 
11.00   180.00  183.00 
11.00   179.00  184.00 
11.00   179.00  184.00 
11.00   179.00  184.00 
11.00   179.00  184.00 
11.00   179.00  184.00 
11.00   180.00  183.00 
12.00   180.00  183.00 
11.00   176.00  187.00 
12.00   178.00  186.00 
12.00   177.00  183.00 
11.00   179.00  184.00 
11.00   180.00  183.00 
11.00   187.00  180.00 
11.00   191.00  176.00 
11.00   193.00  177.00 
11.00   196.00  176.00 
11.00   199.00  176.00 
11.00   203.00  172.00 
11.00   201.00  174.00 
11.00   200.00  171.00 
12.00   200.00  172.00 
12.00   199.00  173.00 
11.00   178.00  181.00 
11.00   177.00  182.00 
11.00   177.00  186.00 
11.00   176.00  187.00 
11.00   179.00  184.00 
11.00   178.00  185.00 
11.00   180.00  183.00 
11.00   181.00  182.00 
11.00   180.00  183.00 
11.00   180.00  183.00 
11.00   179.00  184.00 
11.00   180.00  183.00 
11.00   180.00  183.00 
11.00   181.00  182.00 
11.00   178.00  185.00 
11.00   178.00  185.00 
11.00   176.00  187.00 
12.00   177.00  183.00 
12.00   178.00  182.00 
11.00   179.00  184.00 
12.00   184.00  182.00 
12.00   188.00  178.00 
11.00   191.00  178.00 
11.00   192.00  177.00 
11.00   193.00  176.00 
12.00   197.00  173.00 
12.00   201.00  171.00 
12.00   200.00  172.00 
12.00   203.00  170.00 
12.00   199.00  173.00 
11.00   175.00  184.00 
11.00   176.00  183.00 
11.00   178.00  185.00 
11.00   180.00  183.00 
11.00   178.00  185.00 
12.00   181.00  183.00 
11.00   181.00  182.00 
11.00   180.00  183.00 
11.00   182.00  181.00 
11.00   183.00  180.00 
11.00   181.00  182.00 
11.00   183.00  180.00 
11.00   183.00  180.00 
11.00   181.00  182.00 
11.00   180.00  183.00 
11.00   180.00  183.00 
11.00   178.00  185.00 
12.00   180.00  180.00 
12.00   180.00  180.00 
11.00   180.00  181.00 
12.00   182.00  184.00 
12.00   185.00  181.00 
11.00   185.00  179.00 
11.00   187.00  177.00 
11.00   191.00  176.00 
12.00   194.00  176.00 
12.00   193.00  177.00 
12.00   199.00  173.00 
12.00   199.00  173.00 
12.00   198.00  174.00 
12.00   178.00  182.00 
12.00   177.00  183.00 
11.00   176.00  183.00 
11.00   179.00  180.00 
11.00   178.00  181.00 
11.00   178.00  181.00 
11.00   181.00  178.00 
11.00   177.00  180.00 
12.00   182.00  178.00 
12.00   185.00  178.00 
12.00   184.00  179.00 
12.00   183.00  177.00 
11.00   185.00  178.00 
11.00   182.00  179.00 
11.00   180.00  181.00 
11.00   177.00  184.00 
11.00   177.00  184.00 
11.00   180.00  183.00 
11.00   179.00  184.00 
11.00   180.00  183.00 
11.00   178.00  185.00 
11.00   179.00  184.00 
11.00   181.00  182.00 
11.00   180.00  183.00 
11.00   182.00  181.00 
11.00   185.00  178.00 
12.00   187.00  177.00 
12.00   188.00  178.00 
11.00   191.00  175.00 
11.00   191.00  175.00 
12.00   179.00  181.00 
12.00   178.00  182.00 
11.00   177.00  182.00 
11.00   178.00  181.00 
11.00   179.00  180.00 
11.00   179.00  179.00 
11.00   181.00  178.00 
11.00   179.00  179.00 
11.00   182.00  179.00 
12.00   187.00  179.00 
12.00   186.00  180.00 
11.00   185.00  178.00 
11.00   186.00  177.00 
11.00   184.00  179.00 
11.00   183.00  180.00 
11.00   181.00  182.00 
11.00   181.00  182.00 
11.00   181.00  182.00 
11.00   181.00  182.00 
11.00   181.00  182.00 
11.00   178.00  185.00 
11.00   179.00  184.00 
11.00   180.00  183.00 
11.00   179.00  184.00 
11.00   181.00  182.00 
11.00   179.00  184.00 
11.00   179.00  184.00 
12.00   183.00  183.00 
12.00   186.00  180.00 
12.00   189.00  177.00 
12.00   178.00  182.00 
12.00   178.00  182.00 
11.00   177.00  182.00 
11.00   178.00  181.00 
11.00   178.00  181.00 
11.00   179.00  179.00 
11.00   179.00  180.00 
11.00   184.00  177.00 
11.00   187.00  176.00 
12.00   187.00  177.00 
12.00   187.00  179.00 
12.00   188.00  178.00 
12.00   189.00  177.00 
12.00   188.00  178.00 
12.00   185.00  181.00 
12.00   186.00  180.00 
12.00   185.00  181.00 
11.00   179.00  184.00 
11.00   183.00  180.00 
11.00   180.00  183.00 
11.00   179.00  184.00 
11.00   179.00  184.00 
11.00   179.00  184.00 
11.00   178.00  185.00 
11.00   179.00  184.00 
11.00   178.00  185.00 
11.00   179.00  184.00 
12.00   183.00  181.00 
12.00   180.00  184.00 
12.00   184.00  182.00 
11.00   176.00  183.00 
11.00   178.00  181.00 
11.00   175.00  184.00 
11.00   179.00  180.00 
11.00   180.00  180.00 
11.00   184.00  175.00 
11.00   182.00  177.00 
11.00   184.00  177.00 
11.00   190.00  172.00 
11.00   190.00  173.00 
11.00   189.00  174.00 
12.00   186.00  178.00 
12.00   189.00  177.00 
12.00   190.00  176.00 
12.00   187.00  179.00 
12.00   185.00  182.00 
12.00   185.00  181.00 
11.00   179.00  184.00 
11.00   179.00  184.00 
11.00   180.00  183.00 
11.00   179.00  184.00 
11.00   179.00  184.00 
11.00   178.00  185.00 
11.00   178.00  186.00 
11.00   178.00  183.00 
11.00   178.00  185.00 
11.00   176.00  187.00 
12.00   179.00  187.00 
12.00   180.00  186.00 
12.00   180.00  186.00 
12.00   178.00  179.00 
11.00   177.00  182.00 
11.00   179.00  180.00 
11.00   179.00  180.00 
11.00   179.00  180.00 
11.00   184.00  175.00 
11.00   184.00  175.00 
11.00   185.00  174.00 
11.00   189.00  167.00 
11.00   195.00  162.00 
11.00   191.00  167.00 
12.00   186.00  174.00 
12.00   188.00  178.00 
12.00   189.00  177.00 
12.00   188.00  178.00 
12.00   188.00  178.00 
12.00   186.00  180.00 
11.00   180.00  181.00 
11.00   180.00  183.00 
11.00   180.00  183.00 
11.00   180.00  183.00 
11.00   179.00  184.00 
11.00   176.00  187.00 
11.00   178.00  185.00 
11.00   177.00  186.00 
11.00   179.00  184.00 
11.00   176.00  187.00 
12.00   180.00  186.00 
12.00   180.00  186.00 
12.00   183.00  183.00 
11.00   179.00  180.00 
11.00   178.00  181.00 
11.00   179.00  179.00 
11.00   179.00  179.00 
11.00   181.00  178.00 
11.00   186.00  173.00 
11.00   185.00  174.00 
11.00   187.00  169.00 
11.00   190.00  164.00 
11.00   199.00  156.00 
11.00   201.00  155.00 
11.00   189.00  170.00 
11.00   187.00  176.00 
11.00   186.00  177.00 
11.00   183.00  178.00 
11.00   186.00  177.00 
11.00   185.00  178.00 
11.00   183.00  180.00 
11.00   182.00  181.00 
11.00   181.00  182.00 
11.00   181.00  182.00 
11.00   180.00  183.00 
11.00   181.00  182.00 
11.00   182.00  181.00 
11.00   177.00  184.00 
11.00   177.00  186.00 
11.00   176.00  187.00 
12.00   180.00  186.00 
12.00   182.00  182.00 
12.00   181.00  185.00 
11.00   175.00  182.00 
11.00   177.00  180.00 
11.00   179.00  178.00 
11.00   179.00  178.00 
11.00   181.00  179.00 
11.00   188.00  171.00 
11.00   193.00  164.00 
11.00   188.00  159.00 
11.00   193.00  152.00 
11.00   203.00  143.00 
11.00   213.00  139.00 
12.00   197.00  155.00 
11.00   186.00  169.00 
11.00   186.00  174.00 
11.00   183.00  178.00 
11.00   185.00  178.00 
11.00   183.00  178.00 
11.00   182.00  181.00 
11.00   181.00  182.00 
11.00   181.00  182.00 
11.00   180.00  183.00 
11.00   181.00  182.00 
11.00   178.00  185.00 
11.00   180.00  183.00 
11.00   180.00  183.00 
11.00   177.00  184.00 
11.00   178.00  185.00 
11.00   177.00  186.00 
12.00   179.00  185.00 
12.00   183.00  183.00 
11.00   179.00  180.00 
11.00   179.00  179.00 
11.00   177.00  177.00 
11.00   179.00  178.00 
11.00   181.00  180.00 
11.00   188.00  168.00 
11.00   197.00  157.00 
10.00   189.00  151.00 
11.00   196.00  142.00 
11.00   207.00  134.00 
11.00   211.00  134.00 
11.00   209.00  140.00 
11.00   195.00  157.00 
11.00   188.00  170.00 
11.00   184.00  177.00 
11.00   185.00  178.00 
11.00   185.00  178.00 
11.00   185.00  178.00 
11.00   182.00  181.00 
11.00   181.00  182.00 
11.00   180.00  183.00 
11.00   182.00  181.00 
11.00   178.00  185.00 
11.00   179.00  184.00 
11.00   179.00  184.00 
11.00   176.00  187.00 
11.00   178.00  185.00 
11.00   178.00  183.00 
11.00   176.00  185.00 
12.00   184.00  182.00 
11.00   178.00  181.00 
11.00   179.00  179.00 
11.00   177.00  177.00 
11.00   181.00  178.00 
11.00   179.00  179.00 
11.00   189.00  166.00 
11.00   208.00  146.00 
11.00   197.00  140.00 
11.00   198.00  135.00 
12.00   206.00  131.00 
12.00   208.00  131.00 
11.00   211.00  133.00 
11.00   203.00  147.00 
11.00   190.00  165.00 
11.00   184.00  177.00 
12.00   189.00  177.00 
12.00   190.00  176.00 
11.00   185.00  178.00 
11.00   185.00  178.00 
11.00   183.00  180.00 
11.00   180.00  183.00 
11.00   182.00  181.00 
11.00   181.00  182.00 
11.00   179.00  184.00 
11.00   179.00  184.00 
11.00   177.00  186.00 
11.00   178.00  185.00 
11.00   176.00  185.00 
11.00   178.00  183.00 
12.00   183.00  183.00 
11.00   179.00  180.00 
11.00   179.00  179.00 
11.00   181.00  178.00 
11.00   182.00  177.00 
12.00   180.00  180.00 
12.00   185.00  170.00 
12.00   209.00  145.00 
11.00   204.00  134.00 
11.00   201.00  132.00 
12.00   202.00  131.00 
12.00   207.00  132.00 
12.00   203.00  136.00 
10.00   197.00  150.00 
11.00   194.00  160.00 
11.00   190.00  173.00 
12.00   189.00  178.00 
12.00   192.00  177.00 
11.00   183.00  180.00 
11.00   187.00  176.00 
11.00   181.00  182.00 
11.00   178.00  183.00 
11.00   182.00  181.00 
11.00   182.00  181.00 
11.00   182.00  181.00 
11.00   181.00  182.00 
11.00   179.00  184.00 
11.00   179.00  184.00 
11.00   176.00  185.00 
11.00   183.00  180.00 
12.00   181.00  182.00 
11.00   179.00  180.00 
11.00   179.00  179.00 
12.00   181.00  178.00 
12.00   182.00  178.00 
12.00   185.00  175.00 
12.00   183.00  174.00 
12.00   197.00  155.00 
11.00   210.00  131.00 
11.00   205.00  132.00 
12.00   203.00  133.00 
12.00   206.00  131.00 
12.00   204.00  136.00 
10.00   199.00  149.00 
11.00   194.00  162.00 
11.00   184.00  177.00 
12.00   191.00  175.00 
12.00   190.00  177.00 
11.00   185.00  178.00 
11.00   185.00  178.00 
11.00   183.00  180.00 
11.00   182.00  181.00 
11.00   181.00  182.00 
11.00   179.00  184.00 
11.00   181.00  182.00 
11.00   180.00  183.00 
11.00   180.00  183.00 
11.00   179.00  184.00 
11.00   180.00  181.00 
12.00   182.00  181.00 
12.00   184.00  179.00 
11.00   179.00  180.00 
11.00   179.00  180.00 
12.00   182.00  175.00 
12.00   184.00  176.00 
11.00   186.00  177.00 
11.00   185.00  174.00 
11.00   190.00  165.00 
11.00   215.00  134.00 
11.00   208.00  136.00 
12.00   204.00  136.00 
11.00   209.00  134.00 
11.00   208.00  137.00 
11.00   199.00  151.00 
11.00   191.00  164.00 
11.00   189.00  174.00 
11.00   185.00  178.00 
11.00   185.00  178.00 
11.00   186.00  177.00 
11.00   184.00  179.00 
11.00   184.00  179.00 
11.00   183.00  180.00 
11.00   182.00  181.00 
11.00   178.00  185.00 
11.00   179.00  184.00 
11.00   176.00  187.00 
11.00   179.00  184.00 
11.00   179.00  184.00 
12.00   179.00  181.00 
12.00   183.00  180.00 
12.00   185.00  178.00 
11.00   182.00  177.00 
11.00   179.00  179.00 
12.00   181.00  176.00 
12.00   182.00  178.00 
11.00   184.00  179.00 
11.00   184.00  176.00 
11.00   191.00  168.00 
11.00   210.00  141.00 
11.00   202.00  144.00 
11.00   201.00  142.00 
11.00   202.00  143.00 
10.00   200.00  144.00 
11.00   195.00  158.00 
11.00   186.00  171.00 
11.00   187.00  176.00 
12.00   187.00  176.00 
11.00   187.00  176.00 
11.00   183.00  178.00 
11.00   185.00  178.00 
11.00   183.00  180.00 
11.00   182.00  181.00 
11.00   181.00  182.00 
11.00   178.00  185.00 
11.00   181.00  182.00 
11.00   181.00  182.00 
11.00   180.00  183.00 
11.00   180.00  183.00 
12.00   178.00  182.00 
12.00   183.00  180.00 
12.00   183.00  180.00 
11.00   181.00  178.00 
11.00   182.00  177.00 
11.00   182.00  177.00 
11.00   182.00  177.00 
11.00   184.00  175.00 
11.00   183.00  176.00 
11.00   187.00  172.00 
10.00   196.00  151.00 
11.00   191.00  155.00 
11.00   200.00  149.00 
10.00   192.00  154.00 
10.00   194.00  151.00 
11.00   200.00  159.00 
11.00   187.00  175.00 
11.00   188.00  174.00 
11.00   187.00  176.00 
11.00   186.00  177.00 
11.00   183.00  178.00 
11.00   182.00  179.00 
11.00   180.00  181.00 
11.00   182.00  181.00 
11.00   180.00  183.00 
11.00   179.00  184.00 
11.00   179.00  184.00 
11.00   180.00  183.00 
11.00   180.00  183.00 
11.00   180.00  183.00 
11.00   180.00  183.00 
12.00   181.00  179.00 
12.00   188.00  180.00 
11.00   182.00  177.00 
11.00   179.00  179.00 
11.00   181.00  178.00 
11.00   181.00  178.00 
11.00   186.00  173.00 
11.00   184.00  175.00 
11.00   185.00  174.00 
11.00   187.00  166.00 
11.00   192.00  163.00 
11.00   195.00  162.00 
11.00   196.00  160.00 
11.00   194.00  159.00 
11.00   194.00  167.00 
11.00   189.00  173.00 
11.00   184.00  177.00 
11.00   186.00  177.00 
11.00   186.00  177.00 
11.00   183.00  178.00 
11.00   182.00  179.00 
11.00   180.00  181.00 
11.00   181.00  182.00 
11.00   180.00  183.00 
11.00   182.00  181.00 
11.00   179.00  184.00 
11.00   178.00  185.00 
11.00   180.00  183.00 
11.00   179.00  184.00 
11.00   182.00  181.00 
12.00   184.00  179.00 
12.00   188.00  180.00 
11.00   181.00  178.00 
11.00   182.00  177.00 
11.00   181.00  178.00 
11.00   179.00  179.00 
11.00   184.00  175.00 
11.00   184.00  175.00 
11.00   185.00  175.00 
11.00   188.00  171.00 
11.00   190.00  169.00 
12.00   191.00  170.00 
12.00   188.00  172.00 
11.00   192.00  167.00 
11.00   193.00  169.00 
11.00   187.00  175.00 
11.00   184.00  177.00 
11.00   185.00  178.00 
11.00   184.00  179.00 
11.00   183.00  178.00 
11.00   182.00  179.00 
11.00   180.00  181.00 
12.00   182.00  182.00 
12.00   182.00  182.00 
11.00   181.00  182.00 
11.00   179.00  184.00 
11.00   182.00  181.00 
11.00   179.00  184.00 
11.00   180.00  183.00 
11.00   180.00  183.00 
12.00   183.00  180.00 
12.00   188.00  178.00 
11.00   181.00  178.00 
11.00   181.00  178.00 
11.00   181.00  178.00 
11.00   179.00  179.00 
12.00   183.00  174.00 
11.00   184.00  175.00 
11.00   184.00  175.00 
11.00   188.00  174.00 
12.00   188.00  176.00 
12.00   190.00  177.00 
12.00   190.00  176.00 
11.00   187.00  176.00 
11.00   187.00  175.00 
11.00   185.00  176.00 
11.00   184.00  177.00 
11.00   183.00  178.00 
11.00   183.00  180.00 
11.00   182.00  179.00 
11.00   180.00  181.00 
11.00   177.00  183.00 
11.00   181.00  182.00 
11.00   183.00  180.00 
11.00   181.00  182.00 
11.00   181.00  182.00 
11.00   181.00  182.00 
11.00   178.00  185.00 
11.00   180.00  183.00 
11.00   180.00  184.00 
12.00   186.00  177.00 
12.00   185.00  178.00 
11.00   184.00  175.00 
11.00   181.00  178.00 
11.00   183.00  176.00 
11.00   182.00  177.00 
11.00   184.00  175.00 
11.00   185.00  174.00 
11.00   184.00  175.00 
11.00   184.00  175.00 
12.00   185.00  175.00 
12.00   188.00  175.00 
12.00   189.00  173.00 
12.00   186.00  174.00 
11.00   188.00  174.00 
11.00   184.00  177.00 
11.00   184.00  177.00 
11.00   184.00  179.00 
11.00   183.00  180.00 
11.00   180.00  181.00 
11.00   180.00  181.00 
11.00   180.00  181.00 
11.00   179.00  184.00 
11.00   181.00  182.00 
11.00   181.00  182.00 
11.00   181.00  182.00 
11.00   181.00  182.00 
11.00   180.00  183.00 
12.00   180.00  184.00 
11.00   182.00  182.00 
12.00   184.00  179.00 
12.00   185.00  178.00 
11.00   181.00  178.00 
11.00   182.00  177.00 
11.00   183.00  176.00 
12.00   182.00  175.00 
11.00   185.00  174.00 
11.00   184.00  175.00 
11.00   183.00  176.00 
11.00   182.00  174.00 
11.00   185.00  174.00 
12.00   184.00  176.00 
11.00   184.00  175.00 
11.00   179.00  177.00 
11.00   184.00  177.00 
11.00   187.00  175.00 
11.00   183.00  178.00 
11.00   184.00  179.00 
11.00   183.00  180.00 
11.00   181.00  180.00 
11.00   180.00  181.00 
11.00   178.00  183.00 
11.00   179.00  184.00 
11.00   181.00  182.00 
11.00   183.00  180.00 
11.00   181.00  182.00 
11.00   180.00  183.00 
11.00   180.00  183.00 
11.00   182.00  181.00 
11.00   183.00  181.00 
12.00   186.00  177.00 
12.00   185.00  178.00 
11.00   183.00  176.00 
11.00   183.00  176.00 
11.00   184.00  175.00 
11.00   183.00  176.00 
11.00   182.00  177.00 
11.00   183.00  176.00 
11.00   184.00  175.00 
11.00   184.00  175.00 
12.00   186.00  174.00 
12.00   186.00  177.00 
12.00   189.00  173.00 
12.00   182.00  178.00 
11.00   184.00  175.00 
11.00   185.00  174.00 
11.00   183.00  176.00 
11.00   183.00  176.00 
11.00   183.00  176.00 
11.00   180.00  181.00 
11.00   182.00  178.00 
11.00   179.00  182.00 
11.00   182.00  181.00 
11.00   180.00  181.00 
12.00   182.00  178.00 
11.00   179.00  179.00 
11.00   178.00  179.00 
11.00   177.00  179.00 
11.00   179.00  180.00 
11.00   184.00  179.00 
12.00   185.00  175.00 
12.00   186.00  177.00 
11.00   184.00  175.00 
11.00   183.00  176.00 
11.00   179.00  179.00 
11.00   179.00  179.00 
11.00   182.00  177.00 
11.00   182.00  177.00 
11.00   184.00  175.00 
11.00   183.00  176.00 
12.00   185.00  175.00 
12.00   188.00  175.00 
12.00   185.00  175.00 
12.00   183.00  177.00 
11.00   183.00  176.00 
11.00   184.00  176.00 
12.00   182.00  175.00 
11.00   183.00  176.00 
11.00   183.00  176.00 
11.00   182.00  179.00 
11.00   182.00  179.00 
11.00   181.00  180.00 
11.00   181.00  180.00 
11.00   180.00  181.00 
12.00   183.00  178.00 
11.00   182.00  177.00 
11.00   177.00  179.00 
11.00   177.00  179.00 
11.00   179.00  180.00 
12.00   187.00  177.00 
12.00   187.00  173.00 
12.00   186.00  177.00 
11.00   184.00  176.00 
11.00   181.00  178.00 
11.00   184.00  175.00 
11.00   183.00  176.00 
11.00   184.00  176.00 
11.00   183.00  176.00 
11.00   184.00  175.00 
11.00   185.00  174.00 
12.00   187.00  173.00 
12.00   189.00  174.00 
12.00   184.00  176.00 
12.00   185.00  175.00 
12.00   181.00  176.00 
11.00   182.00  177.00 
11.00   184.00  176.00 
11.00   184.00  175.00 
11.00   182.00  177.00 
11.00   182.00  179.00 
11.00   182.00  179.00 
11.00   181.00  180.00 
11.00   181.00  180.00 
11.00   179.00  182.00 
12.00   182.00  178.00 
12.00   182.00  178.00 
11.00   178.00  178.00 
11.00   178.00  178.00 
11.00   179.00  179.00 
11.00   188.00  175.00 
12.00   189.00  171.00 
12.00   187.00  176.00 
11.00   183.00  176.00 
11.00   181.00  178.00 
11.00   183.00  176.00 
11.00   183.00  176.00 
11.00   181.00  178.00 
11.00   183.00  176.00 
11.00   183.00  176.00 
11.00   181.00  178.00 
12.00   184.00  176.00 
12.00   185.00  179.00 
12.00   184.00  176.00 
12.00   185.00  175.00 
11.00   183.00  176.00 
11.00   185.00  174.00 
11.00   182.00  177.00 
11.00   184.00  175.00 
11.00   182.00  177.00 
11.00   182.00  179.00 
11.00   185.00  176.00 
11.00   181.00  179.00 
11.00   181.00  180.00 
11.00   180.00  183.00 
12.00   182.00  178.00 
12.00   182.00  178.00 
11.00   178.00  178.00 
11.00   178.00  178.00 
11.00   182.00  178.00 
11.00   187.00  176.00 
11.00   191.00  170.00 
12.00   185.00  175.00 
11.00   183.00  176.00 
11.00   183.00  176.00 
11.00   183.00  176.00 
11.00   183.00  176.00 
11.00   182.00  177.00 
11.00   182.00  177.00 
11.00   184.00  175.00 
11.00   185.00  174.00 
12.00   185.00  175.00 
12.00   187.00  176.00 
12.00   184.00  176.00 
12.00   184.00  176.00 
11.00   182.00  177.00 
11.00   185.00  174.00 
11.00   185.00  174.00 
12.00   182.00  175.00 
11.00   181.00  178.00 
11.00   181.00  180.00 
11.00   181.00  180.00 
11.00   182.00  179.00 
11.00   181.00  180.00 
11.00   183.00  178.00 
12.00   182.00  178.00 
11.00   182.00  177.00 
11.00   182.00  174.00 
11.00   179.00  177.00 
11.00   183.00  176.00 
11.00   187.00  176.00 
11.00   187.00  172.00 
12.00   186.00  174.00 
11.00   185.00  174.00 
11.00   184.00  175.00 
11.00   184.00  175.00 
11.00   183.00  176.00 
11.00   183.00  176.00 
11.00   184.00  175.00 
11.00   183.00  176.00 
11.00   184.00  175.00 
12.00   185.00  175.00 
12.00   189.00  174.00 
12.00   184.00  176.00 
12.00   184.00  176.00 
11.00   183.00  176.00 
11.00   184.00  175.00 
11.00   184.00  175.00 
11.00   183.00  176.00 
11.00   183.00  176.00 
11.00   183.00  178.00 
11.00   184.00  177.00 
11.00   183.00  178.00 
11.00   183.00  177.00 
11.00   182.00  179.00 
12.00   181.00  179.00 
12.00   185.00  175.00 
11.00   179.00  177.00 
11.00   180.00  176.00 
11.00   183.00  176.00 
11.00   187.00  175.00 
11.00   187.00  172.00 
12.00   188.00  172.00 
11.00   187.00  172.00 
11.00   185.00  174.00 
12.00   186.00  174.00 
12.00   186.00  174.00 
12.00   186.00  174.00 
12.00   185.00  175.00 
12.00   184.00  176.00 
12.00   186.00  174.00 
12.00   184.00  176.00 
12.00   187.00  175.00 
12.00   184.00  177.00 
12.00   185.00  175.00 
12.00   186.00  174.00 
12.00   186.00  174.00 
12.00   188.00  172.00 
11.00   186.00  174.00 
12.00   187.00  173.00 
11.00   184.00  175.00 
11.00   183.00  176.00 
11.00   184.00  175.00 
11.00   184.00  175.00 
11.00   183.00  176.00 
11.00   182.00  179.00 
11.00   183.00  176.00 
12.00   182.00  175.00 
11.00   184.00  175.00 
11.00   185.00  174.00 
11.00   188.00  175.00 
12.00   188.00  171.00 
12.00   187.00  172.00 
11.00   187.00  172.00 
11.00   186.00  174.00 
12.00   187.00  173.00 
12.00   187.00  173.00 
12.00   187.00  173.00 
12.00   184.00  176.00 
12.00   185.00  175.00 
12.00   186.00  174.00 
12.00   187.00  172.00 
12.00   186.00  174.00 
12.00   183.00  177.00 
12.00   185.00  175.00 
11.00   184.00  176.00 
12.00   185.00  175.00 
11.00   185.00  175.00 
12.00   187.00  173.00 
12.00   185.00  174.00 
11.00   184.00  175.00 
11.00   184.00  175.00 
11.00   185.00  174.00 
11.00   185.00  174.00 
11.00   183.00  176.00 
11.00   183.00  178.00 
11.00   184.00  176.00 
12.00   182.00  175.00 
11.00   185.00  174.00 
11.00   184.00  175.00 
11.00   186.00  174.00 
12.00   192.00  166.00 
12.00   187.00  172.00 
