5.00    181.00  156.00 
5.00    184.00  154.00 
5.00    185.00  153.00 
5.00    181.00  156.00 
5.00    184.00  154.00 
5.00    185.00  153.00 
5.00    185.00  153.00 
5.00    185.00  153.00 
5.00    185.00  153.00 
5.00    185.00  153.00 
5.00    183.00  155.00 
5.00    186.00  155.00 
5.00    185.00  156.00 
5.00    185.00  156.00 
5.00    182.00  158.00 
5.00    188.00  153.00 
5.00    185.00  156.00 
5.00    185.00  156.00 
5.00    185.00  156.00 
5.00    185.00  156.00 
5.00    185.00  156.00 
4.00    188.00  156.00 
4.00    188.00  155.00 
4.00    186.00  156.00 
4.00    185.00  157.00 
4.00    189.00  154.00 
4.00    188.00  155.00 
4.00    188.00  155.00 
5.00    185.00  156.00 
4.00    186.00  156.00 
4.00    189.00  154.00 
4.00    189.00  154.00 
4.00    189.00  154.00 
4.00    189.00  154.00 
5.00    190.00  152.00 
5.00    186.00  155.00 
5.00    186.00  155.00 
5.00    188.00  153.00 
5.00    188.00  153.00 
5.00    187.00  154.00 
5.00    181.00  155.00 
5.00    183.00  155.00 
5.00    183.00  155.00 
5.00    181.00  156.00 
5.00    184.00  154.00 
5.00    185.00  153.00 
5.00    181.00  156.00 
5.00    184.00  154.00 
5.00    185.00  153.00 
5.00    185.00  153.00 
5.00    184.00  154.00 
5.00    185.00  156.00 
5.00    187.00  154.00 
5.00    182.00  158.00 
5.00    188.00  153.00 
5.00    187.00  154.00 
5.00    185.00  156.00 
5.00    186.00  155.00 
5.00    186.00  155.00 
5.00    187.00  154.00 
5.00    186.00  155.00 
4.00    188.00  155.00 
4.00    186.00  156.00 
4.00    188.00  155.00 
4.00    188.00  155.00 
4.00    186.00  156.00 
4.00    190.00  153.00 
5.00    189.00  155.00 
4.00    184.00  158.00 
4.00    188.00  155.00 
4.00    186.00  156.00 
4.00    185.00  157.00 
4.00    188.00  155.00 
4.00    188.00  155.00 
5.00    186.00  155.00 
5.00    186.00  155.00 
5.00    190.00  152.00 
5.00    188.00  153.00 
5.00    188.00  153.00 
5.00    185.00  156.00 
5.00    183.00  153.00 
5.00    184.00  154.00 
5.00    184.00  154.00 
5.00    184.00  154.00 
5.00    185.00  153.00 
5.00    184.00  154.00 
5.00    183.00  155.00 
5.00    183.00  155.00 
5.00    184.00  154.00 
5.00    184.00  155.00 
5.00    187.00  153.00 
5.00    185.00  156.00 
5.00    186.00  155.00 
5.00    186.00  155.00 
5.00    188.00  155.00 
5.00    187.00  154.00 
5.00    186.00  156.00 
5.00    186.00  155.00 
5.00    187.00  154.00 
5.00    187.00  154.00 
5.00    188.00  153.00 
4.00    187.00  154.00 
4.00    186.00  156.00 
4.00    188.00  156.00 
4.00    190.00  153.00 
4.00    188.00  155.00 
4.00    185.00  157.00 
4.00    189.00  154.00 
4.00    187.00  154.00 
4.00    188.00  155.00 
4.00    186.00  156.00 
4.00    185.00  157.00 
4.00    189.00  154.00 
4.00    190.00  153.00 
5.00    188.00  153.00 
5.00    187.00  154.00 
5.00    190.00  152.00 
5.00    187.00  154.00 
5.00    188.00  153.00 
5.00    187.00  153.00 
5.00    183.00  153.00 
5.00    184.00  154.00 
5.00    184.00  154.00 
5.00    184.00  154.00 
5.00    186.00  152.00 
5.00    184.00  154.00 
5.00    184.00  154.00 
5.00    185.00  153.00 
5.00    186.00  152.00 
5.00    188.00  153.00 
5.00    185.00  156.00 
5.00    188.00  153.00 
5.00    185.00  156.00 
5.00    187.00  154.00 
5.00    186.00  155.00 
5.00    186.00  155.00 
5.00    185.00  156.00 
5.00    185.00  156.00 
5.00    184.00  157.00 
4.00    188.00  155.00 
4.00    189.00  154.00 
5.00    188.00  153.00 
4.00    190.00  153.00 
4.00    185.00  157.00 
4.00    189.00  154.00 
4.00    189.00  154.00 
4.00    188.00  155.00 
4.00    188.00  155.00 
4.00    188.00  155.00 
4.00    186.00  156.00 
4.00    189.00  154.00 
4.00    190.00  152.00 
4.00    188.00  156.00 
4.00    183.00  159.00 
4.00    186.00  156.00 
4.00    189.00  154.00 
4.00    187.00  153.00 
4.00    187.00  153.00 
4.00    185.00  154.00 
4.00    187.00  153.00 
5.00    181.00  155.00 
5.00    183.00  155.00 
5.00    183.00  155.00 
5.00    185.00  153.00 
5.00    184.00  155.00 
5.00    185.00  153.00 
5.00    187.00  151.00 
5.00    186.00  152.00 
5.00    187.00  153.00 
5.00    186.00  155.00 
5.00    188.00  153.00 
5.00    188.00  155.00 
5.00    187.00  154.00 
5.00    188.00  153.00 
5.00    185.00  156.00 
5.00    186.00  155.00 
5.00    186.00  155.00 
5.00    190.00  152.00 
5.00    187.00  154.00 
4.00    191.00  152.00 
4.00    188.00  155.00 
5.00    185.00  156.00 
4.00    189.00  155.00 
4.00    186.00  156.00 
4.00    188.00  155.00 
4.00    188.00  155.00 
4.00    189.00  154.00 
4.00    188.00  155.00 
4.00    188.00  155.00 
4.00    188.00  155.00 
4.00    188.00  155.00 
4.00    185.00  157.00 
5.00    189.00  154.00 
4.00    188.00  155.00 
4.00    188.00  155.00 
4.00    185.00  156.00 
4.00    185.00  154.00 
4.00    187.00  153.00 
4.00    189.00  151.00 
5.00    188.00  153.00 
5.00    187.00  150.00 
5.00    185.00  153.00 
5.00    183.00  155.00 
5.00    184.00  154.00 
5.00    187.00  151.00 
5.00    184.00  154.00 
5.00    184.00  154.00 
5.00    185.00  153.00 
5.00    188.00  152.00 
5.00    185.00  156.00 
5.00    185.00  156.00 
5.00    186.00  155.00 
5.00    187.00  154.00 
5.00    185.00  156.00 
5.00    187.00  154.00 
5.00    185.00  156.00 
5.00    186.00  155.00 
5.00    186.00  155.00 
5.00    185.00  156.00 
4.00    186.00  156.00 
4.00    189.00  154.00 
4.00    188.00  155.00 
4.00    188.00  155.00 
4.00    186.00  156.00 
4.00    188.00  155.00 
4.00    186.00  156.00 
4.00    185.00  157.00 
4.00    189.00  154.00 
4.00    189.00  154.00 
4.00    185.00  157.00 
4.00    186.00  156.00 
4.00    188.00  155.00 
4.00    190.00  153.00 
4.00    186.00  156.00 
4.00    190.00  153.00 
4.00    188.00  155.00 
4.00    185.00  154.00 
4.00    185.00  154.00 
4.00    188.00  152.00 
4.00    185.00  154.00 
5.00    183.00  153.00 
5.00    184.00  154.00 
5.00    183.00  155.00 
5.00    186.00  152.00 
5.00    189.00  150.00 
5.00    183.00  155.00 
5.00    184.00  154.00 
5.00    186.00  152.00 
5.00    184.00  154.00 
5.00    184.00  157.00 
5.00    185.00  156.00 
5.00    188.00  153.00 
5.00    188.00  153.00 
5.00    185.00  156.00 
5.00    185.00  156.00 
5.00    186.00  155.00 
5.00    186.00  155.00 
5.00    187.00  154.00 
5.00    187.00  154.00 
4.00    188.00  155.00 
4.00    188.00  155.00 
4.00    186.00  156.00 
4.00    188.00  155.00 
4.00    188.00  155.00 
4.00    188.00  155.00 
4.00    188.00  155.00 
4.00    185.00  157.00 
4.00    189.00  154.00 
5.00    190.00  152.00 
4.00    188.00  155.00 
4.00    189.00  154.00 
4.00    188.00  155.00 
4.00    188.00  155.00 
4.00    189.00  154.00 
4.00    189.00  154.00 
4.00    188.00  155.00 
4.00    185.00  154.00 
4.00    189.00  151.00 
4.00    187.00  153.00 
4.00    186.00  152.00 
5.00    181.00  155.00 
5.00    184.00  154.00 
5.00    183.00  155.00 
5.00    183.00  155.00 
5.00    185.00  153.00 
5.00    186.00  152.00 
5.00    186.00  152.00 
5.00    181.00  156.00 
5.00    187.00  153.00 
5.00    186.00  155.00 
5.00    184.00  157.00 
5.00    186.00  155.00 
5.00    187.00  154.00 
5.00    186.00  155.00 
5.00    186.00  155.00 
5.00    187.00  154.00 
5.00    187.00  154.00 
5.00    186.00  155.00 
5.00    188.00  155.00 
4.00    193.00  151.00 
4.00    188.00  155.00 
4.00    188.00  155.00 
4.00    188.00  155.00 
4.00    188.00  155.00 
4.00    191.00  152.00 
4.00    186.00  156.00 
4.00    184.00  158.00 
4.00    190.00  154.00 
4.00    188.00  155.00 
4.00    188.00  155.00 
4.00    190.00  153.00 
4.00    189.00  154.00 
4.00    188.00  155.00 
4.00    188.00  155.00 
4.00    188.00  155.00 
4.00    186.00  156.00 
4.00    185.00  154.00 
4.00    188.00  152.00 
4.00    182.00  157.00 
4.00    185.00  154.00 
5.00    183.00  153.00 
5.00    180.00  156.00 
5.00    187.00  151.00 
5.00    183.00  155.00 
5.00    185.00  153.00 
5.00    186.00  152.00 
5.00    184.00  154.00 
5.00    186.00  152.00 
5.00    185.00  153.00 
5.00    186.00  155.00 
5.00    186.00  155.00 
5.00    187.00  154.00 
5.00    186.00  155.00 
5.00    186.00  155.00 
5.00    186.00  155.00 
5.00    187.00  154.00 
5.00    187.00  154.00 
5.00    187.00  154.00 
5.00    186.00  155.00 
4.00    190.00  153.00 
4.00    189.00  154.00 
4.00    190.00  153.00 
4.00    186.00  156.00 
4.00    189.00  154.00 
4.00    190.00  153.00 
4.00    185.00  157.00 
4.00    186.00  156.00 
4.00    188.00  155.00 
4.00    190.00  153.00 
4.00    189.00  154.00 
4.00    188.00  155.00 
4.00    188.00  155.00 
4.00    189.00  154.00 
4.00    189.00  154.00 
4.00    189.00  154.00 
4.00    190.00  153.00 
4.00    185.00  154.00 
4.00    187.00  153.00 
4.00    184.00  155.00 
4.00    185.00  154.00 
5.00    180.00  156.00 
5.00    184.00  154.00 
5.00    185.00  153.00 
5.00    186.00  152.00 
5.00    184.00  154.00 
5.00    185.00  153.00 
5.00    186.00  152.00 
5.00    185.00  153.00 
5.00    184.00  154.00 
5.00    186.00  155.00 
5.00    186.00  155.00 
5.00    187.00  154.00 
5.00    185.00  156.00 
5.00    186.00  155.00 
5.00    185.00  154.00 
5.00    187.00  154.00 
4.00    188.00  155.00 
4.00    188.00  155.00 
4.00    189.00  154.00 
4.00    188.00  155.00 
4.00    189.00  154.00 
4.00    189.00  154.00 
4.00    188.00  155.00 
4.00    186.00  155.00 
4.00    188.00  155.00 
4.00    186.00  156.00 
4.00    188.00  155.00 
4.00    190.00  153.00 
4.00    189.00  154.00 
4.00    189.00  154.00 
4.00    187.00  154.00 
4.00    190.00  153.00 
4.00    191.00  152.00 
4.00    189.00  154.00 
4.00    186.00  155.00 
4.00    186.00  155.00 
4.00    187.00  153.00 
4.00    188.00  152.00 
4.00    184.00  155.00 
4.00    185.00  154.00 
5.00    183.00  153.00 
5.00    185.00  153.00 
5.00    185.00  152.00 
5.00    190.00  149.00 
5.00    185.00  152.00 
5.00    185.00  153.00 
5.00    185.00  153.00 
5.00    184.00  154.00 
5.00    183.00  156.00 
5.00    186.00  155.00 
5.00    187.00  154.00 
5.00    185.00  156.00 
5.00    186.00  155.00 
5.00    184.00  155.00 
5.00    188.00  153.00 
5.00    186.00  155.00 
4.00    188.00  155.00 
4.00    189.00  154.00 
4.00    188.00  155.00 
4.00    190.00  153.00 
4.00    189.00  154.00 
4.00    188.00  155.00 
5.00    192.00  153.00 
4.00    189.00  154.00 
5.00    189.00  155.00 
4.00    188.00  155.00 
4.00    188.00  155.00 
4.00    186.00  156.00 
4.00    189.00  154.00 
4.00    190.00  153.00 
4.00    188.00  155.00 
4.00    188.00  155.00 
4.00    189.00  154.00 
4.00    188.00  155.00 
4.00    188.00  153.00 
4.00    188.00  153.00 
4.00    185.00  154.00 
4.00    189.00  151.00 
4.00    187.00  153.00 
4.00    187.00  153.00 
5.00    181.00  155.00 
5.00    187.00  151.00 
5.00    183.00  155.00 
5.00    183.00  155.00 
5.00    185.00  153.00 
5.00    185.00  153.00 
5.00    183.00  155.00 
5.00    184.00  154.00 
5.00    184.00  155.00 
5.00    186.00  156.00 
5.00    187.00  154.00 
5.00    186.00  155.00 
5.00    186.00  155.00 
5.00    185.00  156.00 
5.00    186.00  155.00 
5.00    186.00  155.00 
4.00    188.00  155.00 
4.00    188.00  155.00 
4.00    189.00  154.00 
4.00    189.00  154.00 
5.00    191.00  152.00 
4.00    188.00  155.00 
4.00    185.00  156.00 
4.00    193.00  151.00 
4.00    186.00  156.00 
4.00    188.00  155.00 
4.00    190.00  153.00 
4.00    194.00  150.00 
4.00    189.00  154.00 
4.00    189.00  154.00 
4.00    188.00  155.00 
4.00    189.00  155.00 
4.00    188.00  155.00 
4.00    188.00  155.00 
4.00    187.00  154.00 
4.00    187.00  154.00 
4.00    187.00  153.00 
4.00    185.00  154.00 
4.00    188.00  152.00 
4.00    185.00  154.00 
5.00    181.00  155.00 
5.00    185.00  153.00 
5.00    181.00  155.00 
5.00    181.00  156.00 
5.00    184.00  154.00 
5.00    184.00  154.00 
5.00    184.00  154.00 
5.00    183.00  155.00 
5.00    187.00  153.00 
5.00    187.00  154.00 
5.00    187.00  154.00 
5.00    185.00  156.00 
5.00    186.00  155.00 
5.00    187.00  154.00 
5.00    186.00  155.00 
5.00    186.00  155.00 
4.00    185.00  157.00 
4.00    186.00  156.00 
4.00    186.00  156.00 
4.00    186.00  156.00 
4.00    191.00  152.00 
4.00    190.00  153.00 
4.00    188.00  155.00 
4.00    188.00  155.00 
4.00    189.00  154.00 
5.00    188.00  153.00 
4.00    189.00  154.00 
4.00    188.00  155.00 
5.00    186.00  155.00 
4.00    189.00  154.00 
5.00    186.00  155.00 
4.00    188.00  155.00 
4.00    188.00  155.00 
5.00    186.00  155.00 
4.00    187.00  154.00 
5.00    186.00  155.00 
4.00    187.00  153.00 
4.00    187.00  153.00 
4.00    187.00  153.00 
4.00    187.00  153.00 
5.00    182.00  154.00 
5.00    184.00  154.00 
5.00    183.00  156.00 
5.00    184.00  154.00 
5.00    184.00  154.00 
5.00    184.00  154.00 
5.00    185.00  154.00 
5.00    185.00  154.00 
5.00    188.00  152.00 
5.00    184.00  157.00 
5.00    187.00  154.00 
5.00    190.00  152.00 
5.00    187.00  154.00 
5.00    187.00  154.00 
5.00    185.00  156.00 
5.00    185.00  156.00 
4.00    186.00  156.00 
4.00    188.00  155.00 
4.00    188.00  155.00 
4.00    188.00  155.00 
4.00    189.00  155.00 
4.00    188.00  155.00 
4.00    190.00  154.00 
4.00    187.00  157.00 
4.00    189.00  154.00 
4.00    189.00  154.00 
4.00    189.00  154.00 
4.00    189.00  154.00 
4.00    189.00  154.00 
4.00    190.00  153.00 
4.00    186.00  156.00 
4.00    186.00  156.00 
4.00    190.00  153.00 
4.00    186.00  156.00 
4.00    186.00  155.00 
5.00    187.00  154.00 
4.00    187.00  153.00 
4.00    187.00  153.00 
4.00    186.00  152.00 
4.00    188.00  152.00 
5.00    181.00  155.00 
5.00    184.00  154.00 
5.00    181.00  155.00 
5.00    183.00  155.00 
5.00    184.00  154.00 
5.00    184.00  154.00 
5.00    186.00  152.00 
5.00    183.00  155.00 
5.00    184.00  155.00 
5.00    183.00  156.00 
5.00    186.00  155.00 
5.00    187.00  154.00 
5.00    185.00  156.00 
5.00    187.00  154.00 
5.00    187.00  154.00 
5.00    187.00  154.00 
4.00    188.00  155.00 
4.00    188.00  155.00 
4.00    188.00  155.00 
4.00    189.00  154.00 
4.00    188.00  155.00 
4.00    188.00  156.00 
4.00    188.00  155.00 
4.00    188.00  155.00 
4.00    189.00  154.00 
4.00    188.00  153.00 
4.00    190.00  153.00 
4.00    190.00  153.00 
4.00    191.00  152.00 
4.00    188.00  155.00 
4.00    186.00  156.00 
4.00    190.00  153.00 
4.00    191.00  152.00 
4.00    191.00  152.00 
4.00    187.00  154.00 
4.00    188.00  153.00 
4.00    188.00  152.00 
4.00    187.00  153.00 
4.00    188.00  152.00 
4.00    187.00  153.00 
5.00    180.00  157.00 
5.00    183.00  153.00 
5.00    181.00  155.00 
5.00    181.00  155.00 
5.00    183.00  155.00 
5.00    185.00  153.00 
5.00    185.00  154.00 
5.00    184.00  154.00 
5.00    185.00  156.00 
5.00    186.00  155.00 
5.00    188.00  153.00 
5.00    182.00  158.00 
5.00    188.00  153.00 
5.00    186.00  155.00 
5.00    187.00  154.00 
5.00    187.00  154.00 
4.00    186.00  156.00 
4.00    188.00  155.00 
4.00    193.00  151.00 
4.00    189.00  154.00 
4.00    190.00  153.00 
4.00    190.00  153.00 
4.00    186.00  156.00 
4.00    188.00  155.00 
4.00    189.00  154.00 
4.00    188.00  155.00 
5.00    187.00  154.00 
4.00    189.00  154.00 
4.00    189.00  155.00 
4.00    188.00  155.00 
4.00    188.00  155.00 
4.00    188.00  155.00 
4.00    189.00  154.00 
4.00    189.00  154.00 
4.00    190.00  153.00 
4.00    191.00  152.00 
4.00    188.00  152.00 
4.00    188.00  152.00 
4.00    187.00  153.00 
4.00    185.00  154.00 
5.00    180.00  156.00 
5.00    183.00  153.00 
5.00    183.00  153.00 
5.00    187.00  151.00 
5.00    183.00  155.00 
5.00    183.00  155.00 
5.00    183.00  155.00 
5.00    185.00  153.00 
5.00    189.00  151.00 
5.00    187.00  154.00 
5.00    185.00  156.00 
5.00    185.00  156.00 
5.00    190.00  152.00 
5.00    187.00  154.00 
5.00    188.00  152.00 
5.00    192.00  150.00 
4.00    188.00  155.00 
4.00    188.00  155.00 
4.00    190.00  153.00 
4.00    186.00  156.00 
4.00    186.00  156.00 
4.00    188.00  155.00 
4.00    188.00  155.00 
4.00    186.00  156.00 
4.00    188.00  155.00 
4.00    190.00  153.00 
4.00    186.00  156.00 
4.00    189.00  154.00 
4.00    189.00  154.00 
4.00    189.00  154.00 
4.00    189.00  154.00 
4.00    188.00  153.00 
4.00    188.00  155.00 
4.00    189.00  154.00 
4.00    189.00  154.00 
4.00    191.00  152.00 
4.00    187.00  153.00 
4.00    189.00  151.00 
4.00    188.00  152.00 
4.00    187.00  153.00 
5.00    179.00  155.00 
5.00    182.00  153.00 
5.00    183.00  153.00 
5.00    183.00  153.00 
5.00    184.00  154.00 
5.00    183.00  153.00 
5.00    186.00  152.00 
5.00    182.00  154.00 
5.00    187.00  154.00 
5.00    185.00  156.00 
5.00    185.00  156.00 
5.00    187.00  154.00 
5.00    186.00  155.00 
5.00    186.00  155.00 
5.00    188.00  153.00 
5.00    190.00  153.00 
4.00    186.00  156.00 
4.00    188.00  155.00 
4.00    188.00  155.00 
4.00    190.00  153.00 
4.00    188.00  156.00 
4.00    188.00  155.00 
4.00    190.00  153.00 
4.00    190.00  153.00 
4.00    189.00  154.00 
4.00    189.00  154.00 
4.00    189.00  154.00 
4.00    190.00  153.00 
4.00    188.00  155.00 
4.00    190.00  153.00 
5.00    192.00  153.00 
4.00    189.00  154.00 
4.00    195.00  149.00 
5.00    188.00  153.00 
4.00    187.00  154.00 
4.00    190.00  153.00 
4.00    187.00  153.00 
4.00    190.00  150.00 
4.00    187.00  153.00 
4.00    184.00  155.00 
5.00    177.00  154.00 
5.00    182.00  154.00 
5.00    182.00  154.00 
5.00    183.00  153.00 
5.00    184.00  154.00 
5.00    188.00  152.00 
5.00    185.00  153.00 
5.00    181.00  156.00 
5.00    186.00  155.00 
5.00    186.00  155.00 
5.00    185.00  156.00 
5.00    186.00  155.00 
5.00    186.00  155.00 
5.00    188.00  153.00 
5.00    186.00  155.00 
5.00    186.00  155.00 
4.00    186.00  156.00 
4.00    186.00  156.00 
4.00    186.00  156.00 
4.00    186.00  156.00 
4.00    185.00  157.00 
5.00    185.00  156.00 
4.00    188.00  155.00 
4.00    191.00  152.00 
4.00    191.00  152.00 
4.00    188.00  155.00 
4.00    185.00  157.00 
4.00    189.00  154.00 
4.00    190.00  153.00 
4.00    190.00  153.00 
4.00    191.00  152.00 
5.00    186.00  155.00 
5.00    190.00  152.00 
5.00    188.00  153.00 
5.00    188.00  153.00 
5.00    191.00  151.00 
4.00    186.00  152.00 
5.00    191.00  147.00 
5.00    185.00  152.00 
5.00    185.00  152.00 
5.00    182.00  153.00 
5.00    183.00  153.00 
5.00    180.00  156.00 
5.00    181.00  155.00 
5.00    185.00  154.00 
5.00    187.00  151.00 
5.00    187.00  151.00 
5.00    185.00  153.00 
5.00    186.00  155.00 
5.00    186.00  155.00 
5.00    186.00  155.00 
5.00    187.00  154.00 
5.00    187.00  154.00 
5.00    190.00  152.00 
5.00    187.00  154.00 
5.00    188.00  153.00 
4.00    189.00  154.00 
4.00    188.00  155.00 
4.00    189.00  154.00 
4.00    190.00  153.00 
4.00    188.00  155.00 
4.00    188.00  155.00 
4.00    190.00  153.00 
4.00    188.00  155.00 
4.00    186.00  156.00 
4.00    190.00  153.00 
4.00    189.00  154.00 
4.00    193.00  151.00 
4.00    188.00  155.00 
4.00    196.00  148.00 
4.00    188.00  155.00 
5.00    187.00  154.00 
5.00    188.00  153.00 
5.00    190.00  152.00 
5.00    187.00  154.00 
5.00    188.00  153.00 
5.00    188.00  149.00 
5.00    186.00  151.00 
5.00    185.00  153.00 
5.00    186.00  151.00 
5.00    178.00  156.00 
5.00    182.00  154.00 
5.00    183.00  153.00 
5.00    182.00  154.00 
5.00    184.00  154.00 
5.00    187.00  151.00 
5.00    185.00  153.00 
5.00    185.00  153.00 
5.00    186.00  155.00 
5.00    188.00  155.00 
5.00    186.00  155.00 
5.00    186.00  155.00 
5.00    187.00  154.00 
5.00    187.00  154.00 
5.00    187.00  154.00 
5.00    187.00  154.00 
4.00    189.00  154.00 
4.00    189.00  154.00 
4.00    188.00  155.00 
4.00    190.00  153.00 
4.00    190.00  153.00 
4.00    189.00  154.00 
4.00    191.00  152.00 
4.00    188.00  155.00 
5.00    192.00  153.00 
4.00    190.00  153.00 
4.00    189.00  154.00 
4.00    193.00  151.00 
4.00    187.00  157.00 
4.00    188.00  155.00 
4.00    189.00  154.00 
5.00    189.00  154.00 
5.00    188.00  153.00 
5.00    192.00  150.00 
5.00    190.00  152.00 
5.00    191.00  151.00 
5.00    187.00  150.00 
5.00    183.00  153.00 
5.00    185.00  153.00 
5.00    186.00  151.00 
5.00    181.00  156.00 
5.00    181.00  155.00 
5.00    181.00  155.00 
5.00    184.00  154.00 
5.00    184.00  154.00 
5.00    189.00  151.00 
5.00    187.00  151.00 
5.00    185.00  153.00 
5.00    186.00  152.00 
5.00    187.00  154.00 
5.00    185.00  156.00 
5.00    186.00  155.00 
5.00    188.00  153.00 
5.00    187.00  154.00 
5.00    187.00  154.00 
5.00    188.00  153.00 
5.00    187.00  154.00 
5.00    187.00  154.00 
5.00    190.00  153.00 
5.00    189.00  154.00 
5.00    191.00  152.00 
5.00    188.00  153.00 
5.00    190.00  152.00 
5.00    190.00  152.00 
5.00    188.00  153.00 
5.00    189.00  154.00 
5.00    190.00  152.00 
4.00    188.00  152.00 
4.00    187.00  154.00 
4.00    188.00  153.00 
4.00    187.00  154.00 
5.00    188.00  152.00 
5.00    188.00  152.00 
4.00    193.00  148.00 
4.00    189.00  151.00 
4.00    188.00  152.00 
5.00    188.00  152.00 
5.00    187.00  151.00 
5.00    187.00  150.00 
5.00    186.00  151.00 
5.00    180.00  156.00 
5.00    182.00  154.00 
5.00    182.00  154.00 
5.00    182.00  154.00 
5.00    183.00  155.00 
5.00    184.00  154.00 
5.00    185.00  153.00 
5.00    186.00  152.00 
5.00    185.00  154.00 
5.00    187.00  154.00 
5.00    187.00  154.00 
5.00    187.00  154.00 
5.00    186.00  155.00 
5.00    187.00  154.00 
5.00    187.00  154.00 
5.00    188.00  152.00 
5.00    188.00  153.00 
5.00    187.00  154.00 
5.00    192.00  150.00 
5.00    186.00  155.00 
5.00    190.00  152.00 
5.00    188.00  153.00 
5.00    190.00  150.00 
5.00    187.00  153.00 
5.00    191.00  151.00 
5.00    190.00  150.00 
4.00    189.00  151.00 
4.00    188.00  152.00 
4.00    187.00  153.00 
4.00    188.00  152.00 
4.00    188.00  152.00 
4.00    186.00  152.00 
4.00    187.00  153.00 
4.00    190.00  150.00 
4.00    185.00  154.00 
4.00    185.00  154.00 
4.00    187.00  153.00 
5.00    191.00  147.00 
4.00    186.00  151.00 
5.00    185.00  150.00 
5.00    179.00  155.00 
5.00    182.00  154.00 
5.00    183.00  153.00 
5.00    182.00  154.00 
5.00    183.00  153.00 
5.00    185.00  153.00 
5.00    185.00  153.00 
5.00    185.00  153.00 
5.00    185.00  153.00 
5.00    188.00  152.00 
5.00    192.00  150.00 
5.00    187.00  154.00 
5.00    188.00  153.00 
5.00    187.00  154.00 
5.00    188.00  153.00 
5.00    188.00  153.00 
5.00    188.00  153.00 
5.00    187.00  154.00 
5.00    190.00  152.00 
5.00    190.00  153.00 
5.00    191.00  151.00 
5.00    188.00  153.00 
5.00    193.00  149.00 
5.00    189.00  154.00 
5.00    190.00  152.00 
5.00    185.00  154.00 
4.00    188.00  152.00 
4.00    188.00  152.00 
4.00    187.00  153.00 
4.00    188.00  152.00 
4.00    189.00  151.00 
5.00    187.00  150.00 
5.00    187.00  150.00 
5.00    186.00  151.00 
5.00    188.00  149.00 
5.00    188.00  149.00 
5.00    191.00  148.00 
5.00    187.00  150.00 
5.00    186.00  151.00 
5.00    188.00  148.00 
6.00    181.00  152.00 
5.00    182.00  154.00 
5.00    185.00  152.00 
5.00    182.00  154.00 
5.00    185.00  153.00 
5.00    184.00  154.00 
5.00    186.00  152.00 
5.00    187.00  151.00 
5.00    187.00  153.00 
5.00    185.00  156.00 
5.00    190.00  152.00 
5.00    190.00  152.00 
5.00    188.00  153.00 
5.00    188.00  153.00 
5.00    191.00  151.00 
5.00    190.00  152.00 
5.00    190.00  152.00 
5.00    190.00  152.00 
5.00    186.00  155.00 
5.00    190.00  152.00 
5.00    192.00  150.00 
5.00    192.00  150.00 
5.00    193.00  149.00 
5.00    187.00  154.00 
5.00    187.00  154.00 
5.00    186.00  155.00 
4.00    187.00  151.00 
4.00    187.00  151.00 
4.00    186.00  152.00 
4.00    186.00  152.00 
4.00    187.00  151.00 
5.00    187.00  150.00 
5.00    188.00  149.00 
5.00    187.00  150.00 
5.00    190.00  148.00 
5.00    190.00  148.00 
5.00    191.00  147.00 
5.00    187.00  150.00 
5.00    180.00  154.00 
5.00    185.00  150.00 
6.00    180.00  153.00 
5.00    183.00  153.00 
5.00    181.00  155.00 
5.00    182.00  154.00 
5.00    185.00  153.00 
5.00    186.00  152.00 
5.00    186.00  152.00 
5.00    187.00  151.00 
5.00    186.00  152.00 
5.00    187.00  154.00 
5.00    187.00  154.00 
5.00    188.00  153.00 
5.00    188.00  153.00 
5.00    188.00  153.00 
5.00    187.00  154.00 
5.00    190.00  152.00 
5.00    190.00  152.00 
5.00    190.00  152.00 
5.00    192.00  150.00 
5.00    188.00  153.00 
5.00    191.00  151.00 
5.00    191.00  148.00 
5.00    190.00  149.00 
5.00    187.00  151.00 
5.00    188.00  152.00 
5.00    193.00  148.00 
5.00    188.00  149.00 
5.00    187.00  150.00 
5.00    191.00  147.00 
5.00    188.00  149.00 
5.00    188.00  149.00 
5.00    186.00  151.00 
5.00    186.00  151.00 
5.00    188.00  149.00 
5.00    187.00  150.00 
5.00    185.00  152.00 
5.00    185.00  152.00 
5.00    184.00  151.00 
5.00    182.00  153.00 
5.00    182.00  150.00 
6.00    181.00  151.00 
5.00    183.00  153.00 
5.00    181.00  156.00 
5.00    184.00  154.00 
5.00    184.00  154.00 
5.00    184.00  154.00 
5.00    185.00  153.00 
5.00    185.00  153.00 
5.00    189.00  151.00 
5.00    188.00  153.00 
5.00    188.00  153.00 
5.00    188.00  153.00 
5.00    186.00  155.00 
5.00    188.00  153.00 
5.00    190.00  152.00 
5.00    188.00  153.00 
5.00    190.00  152.00 
5.00    187.00  154.00 
5.00    195.00  148.00 
5.00    188.00  153.00 
5.00    192.00  150.00 
5.00    193.00  147.00 
5.00    190.00  149.00 
5.00    189.00  150.00 
5.00    187.00  151.00 
5.00    193.00  147.00 
5.00    191.00  147.00 
5.00    186.00  151.00 
5.00    186.00  151.00 
5.00    186.00  151.00 
5.00    188.00  149.00 
5.00    187.00  149.00 
5.00    184.00  151.00 
5.00    185.00  150.00 
5.00    187.00  149.00 
5.00    185.00  150.00 
5.00    184.00  151.00 
5.00    182.00  153.00 
5.00    180.00  154.00 
5.00    176.00  155.00 
6.00    178.00  153.00 
5.00    180.00  156.00 
5.00    183.00  153.00 
5.00    182.00  154.00 
5.00    183.00  155.00 
5.00    187.00  151.00 
5.00    187.00  151.00 
5.00    186.00  152.00 
5.00    190.00  150.00 
5.00    188.00  153.00 
5.00    188.00  153.00 
5.00    186.00  155.00 
5.00    188.00  153.00 
5.00    188.00  153.00 
5.00    188.00  153.00 
5.00    188.00  153.00 
5.00    188.00  153.00 
5.00    190.00  152.00 
5.00    193.00  149.00 
5.00    191.00  151.00 
5.00    193.00  149.00 
5.00    190.00  149.00 
5.00    189.00  150.00 
5.00    191.00  148.00 
5.00    189.00  150.00 
5.00    189.00  150.00 
5.00    185.00  152.00 
5.00    185.00  152.00 
5.00    185.00  150.00 
5.00    185.00  150.00 
5.00    187.00  149.00 
5.00    185.00  150.00 
5.00    188.00  148.00 
5.00    185.00  150.00 
5.00    184.00  150.00 
5.00    182.00  153.00 
5.00    180.00  154.00 
5.00    177.00  157.00 
5.00    177.00  157.00 
5.00    173.00  158.00 
6.00    179.00  155.00 
6.00    178.00  155.00 
6.00    182.00  151.00 
5.00    182.00  153.00 
5.00    182.00  154.00 
5.00    186.00  152.00 
5.00    186.00  151.00 
5.00    185.00  152.00 
5.00    187.00  150.00 
5.00    186.00  151.00 
5.00    185.00  152.00 
5.00    189.00  150.00 
5.00    187.00  151.00 
5.00    190.00  149.00 
5.00    187.00  151.00 
5.00    187.00  151.00 
5.00    186.00  151.00 
5.00    187.00  150.00 
5.00    190.00  148.00 
5.00    190.00  148.00 
5.00    188.00  149.00 
5.00    188.00  149.00 
5.00    190.00  148.00 
5.00    190.00  148.00 
5.00    185.00  152.00 
5.00    187.00  150.00 
5.00    190.00  148.00 
5.00    188.00  148.00 
5.00    187.00  147.00 
5.00    184.00  147.00 
6.00    181.00  149.00 
5.00    181.00  152.00 
5.00    180.00  154.00 
5.00    183.00  152.00 
5.00    178.00  156.00 
5.00    177.00  156.00 
5.00    174.00  157.00 
5.00    175.00  156.00 
5.00    178.00  152.00 
5.00    181.00  148.00 
5.00    178.00  155.00 
6.00    177.00  156.00 
6.00    179.00  154.00 
5.00    184.00  154.00 
5.00    185.00  152.00 
5.00    184.00  154.00 
5.00    183.00  153.00 
5.00    187.00  150.00 
5.00    188.00  149.00 
5.00    185.00  152.00 
5.00    185.00  152.00 
5.00    189.00  150.00 
5.00    189.00  150.00 
5.00    186.00  152.00 
5.00    187.00  151.00 
5.00    187.00  151.00 
5.00    186.00  151.00 
5.00    188.00  149.00 
5.00    186.00  151.00 
5.00    188.00  149.00 
5.00    186.00  152.00 
5.00    188.00  149.00 
5.00    188.00  149.00 
5.00    187.00  150.00 
5.00    189.00  150.00 
5.00    188.00  149.00 
5.00    183.00  152.00 
5.00    184.00  151.00 
5.00    183.00  152.00 
5.00    184.00  151.00 
5.00    180.00  153.00 
5.00    180.00  156.00 
5.00    180.00  154.00 
5.00    179.00  155.00 
5.00    176.00  154.00 
5.00    178.00  153.00 
5.00    172.00  151.00 
5.00    176.00  145.00 
5.00    181.00  138.00 
5.00    184.00  133.00 
5.00    179.00  157.00 
6.00    182.00  151.00 
6.00    179.00  154.00 
5.00    183.00  153.00 
5.00    187.00  151.00 
5.00    182.00  154.00 
5.00    183.00  152.00 
5.00    185.00  150.00 
5.00    185.00  150.00 
5.00    187.00  149.00 
5.00    184.00  151.00 
5.00    186.00  151.00 
5.00    187.00  150.00 
5.00    188.00  149.00 
5.00    188.00  149.00 
5.00    188.00  149.00 
5.00    187.00  150.00 
5.00    190.00  148.00 
5.00    187.00  150.00 
5.00    189.00  147.00 
5.00    186.00  151.00 
5.00    187.00  149.00 
5.00    187.00  149.00 
5.00    187.00  149.00 
5.00    185.00  150.00 
5.00    185.00  150.00 
5.00    187.00  149.00 
5.00    185.00  150.00 
5.00    182.00  153.00 
5.00    178.00  156.00 
5.00    175.00  160.00 
5.00    173.00  161.00 
6.00    179.00  154.00 
5.00    177.00  153.00 
6.00    182.00  147.00 
6.00    185.00  143.00 
5.00    178.00  136.00 
5.00    182.00  132.00 
6.00    183.00  127.00 
6.00    183.00  124.00 
5.00    181.00  155.00 
6.00    181.00  152.00 
6.00    181.00  152.00 
5.00    185.00  152.00 
5.00    185.00  152.00 
5.00    187.00  151.00 
5.00    185.00  150.00 
5.00    187.00  149.00 
5.00    187.00  149.00 
5.00    182.00  151.00 
5.00    185.00  150.00 
5.00    187.00  150.00 
5.00    186.00  151.00 
5.00    186.00  151.00 
5.00    184.00  151.00 
5.00    187.00  150.00 
5.00    186.00  151.00 
5.00    187.00  150.00 
5.00    186.00  151.00 
5.00    190.00  148.00 
5.00    187.00  150.00 
5.00    185.00  150.00 
5.00    185.00  150.00 
5.00    184.00  151.00 
5.00    183.00  152.00 
5.00    184.00  151.00 
5.00    178.00  153.00 
5.00    180.00  154.00 
5.00    179.00  155.00 
5.00    179.00  155.00 
5.00    178.00  155.00 
6.00    180.00  152.00 
6.00    183.00  146.00 
6.00    184.00  141.00 
6.00    183.00  135.00 
6.00    187.00  132.00 
6.00    180.00  126.00 
6.00    185.00  123.00 
7.00    181.00  121.00 
7.00    182.00  119.00 
5.00    176.00  155.00 
6.00    180.00  153.00 
6.00    181.00  152.00 
5.00    182.00  154.00 
5.00    186.00  151.00 
5.00    183.00  155.00 
5.00    184.00  151.00 
5.00    184.00  151.00 
5.00    187.00  149.00 
5.00    188.00  148.00 
5.00    185.00  150.00 
5.00    190.00  148.00 
5.00    188.00  149.00 
5.00    185.00  150.00 
5.00    186.00  151.00 
5.00    185.00  152.00 
5.00    185.00  150.00 
5.00    188.00  148.00 
5.00    187.00  149.00 
5.00    187.00  149.00 
5.00    185.00  150.00 
5.00    184.00  151.00 
5.00    182.00  153.00 
5.00    182.00  153.00 
5.00    179.00  155.00 
5.00    179.00  155.00 
5.00    174.00  157.00 
5.00    176.00  155.00 
5.00    176.00  154.00 
5.00    179.00  151.00 
5.00    183.00  146.00 
6.00    182.00  140.00 
6.00    186.00  136.00 
6.00    187.00  128.00 
6.00    183.00  124.00 
7.00    183.00  121.00 
7.00    184.00  119.00 
7.00    186.00  118.00 
7.00    184.00  118.00 
7.00    181.00  120.00 
5.00    177.00  153.00 
6.00    180.00  153.00 
6.00    181.00  152.00 
5.00    182.00  154.00 
5.00    184.00  151.00 
5.00    186.00  152.00 
5.00    184.00  151.00 
5.00    183.00  152.00 
5.00    185.00  150.00 
5.00    189.00  147.00 
5.00    187.00  149.00 
5.00    187.00  150.00 
5.00    187.00  150.00 
5.00    185.00  152.00 
5.00    187.00  149.00 
5.00    186.00  151.00 
5.00    187.00  149.00 
5.00    187.00  149.00 
5.00    185.00  150.00 
5.00    184.00  151.00 
5.00    184.00  151.00 
5.00    182.00  153.00 
5.00    179.00  155.00 
5.00    178.00  156.00 
5.00    178.00  156.00 
5.00    179.00  155.00 
5.00    177.00  154.00 
5.00    178.00  153.00 
6.00    183.00  148.00 
6.00    184.00  144.00 
6.00    190.00  137.00 
6.00    189.00  131.00 
6.00    187.00  128.00 
6.00    178.00  123.00 
7.00    178.00  119.00 
7.00    174.00  117.00 
8.00    178.00  119.00 
7.00    180.00  119.00 
7.00    182.00  119.00 
7.00    182.00  119.00 
4.00    168.00  155.00 
5.00    180.00  154.00 
5.00    179.00  151.00 
5.00    180.00  150.00 
5.00    181.00  149.00 
5.00    184.00  150.00 
5.00    184.00  151.00 
5.00    185.00  150.00 
5.00    182.00  151.00 
5.00    184.00  151.00 
5.00    185.00  150.00 
4.00    185.00  152.00 
5.00    187.00  149.00 
5.00    188.00  148.00 
5.00    179.00  148.00 
5.00    178.00  150.00 
5.00    184.00  151.00 
5.00    182.00  150.00 
5.00    182.00  150.00 
5.00    178.00  153.00 
5.00    176.00  155.00 
5.00    176.00  155.00 
5.00    177.00  154.00 
5.00    174.00  155.00 
5.00    177.00  151.00 
5.00    179.00  148.00 
5.00    179.00  148.00 
5.00    184.00  143.00 
5.00    185.00  135.00 
6.00    186.00  129.00 
6.00    187.00  124.00 
6.00    179.00  120.00 
7.00    182.00  119.00 
7.00    181.00  120.00 
8.00    185.00  120.00 
8.00    185.00  120.00 
7.00    181.00  120.00 
7.00    181.00  120.00 
7.00    182.00  119.00 
7.00    184.00  118.00 
5.00    166.00  155.00 
5.00    180.00  152.00 
5.00    177.00  153.00 
6.00    178.00  150.00 
5.00    181.00  148.00 
5.00    181.00  149.00 
5.00    186.00  148.00 
5.00    186.00  148.00 
5.00    187.00  149.00 
5.00    185.00  149.00 
5.00    185.00  149.00 
5.00    184.00  150.00 
5.00    186.00  148.00 
5.00    186.00  148.00 
5.00    181.00  148.00 
5.00    178.00  149.00 
5.00    180.00  153.00 
5.00    181.00  152.00 
5.00    177.00  154.00 
5.00    177.00  156.00 
5.00    175.00  157.00 
5.00    176.00  154.00 
5.00    178.00  150.00 
5.00    177.00  147.00 
6.00    180.00  143.00 
6.00    180.00  139.00 
6.00    190.00  129.00 
6.00    187.00  128.00 
6.00    187.00  123.00 
6.00    185.00  120.00 
7.00    184.00  118.00 
7.00    184.00  118.00 
7.00    181.00  120.00 
7.00    182.00  119.00 
8.00    186.00  119.00 
8.00    188.00  118.00 
7.00    185.00  117.00 
7.00    182.00  119.00 
7.00    182.00  119.00 
7.00    182.00  119.00 
8.00    162.00  154.00 
6.00    174.00  154.00 
6.00    177.00  151.00 
6.00    178.00  150.00 
6.00    180.00  149.00 
6.00    181.00  148.00 
5.00    183.00  148.00 
5.00    184.00  147.00 
5.00    180.00  150.00 
5.00    185.00  146.00 
5.00    185.00  146.00 
5.00    183.00  148.00 
5.00    180.00  152.00 
5.00    182.00  150.00 
5.00    177.00  151.00 
5.00    175.00  153.00 
5.00    173.00  155.00 
5.00    173.00  155.00 
5.00    173.00  155.00 
5.00    176.00  152.00 
5.00    178.00  152.00 
5.00    176.00  149.00 
5.00    183.00  141.00 
6.00    185.00  134.00 
6.00    185.00  127.00 
7.00    188.00  125.00 
7.00    188.00  118.00 
7.00    183.00  120.00 
7.00    182.00  119.00 
7.00    188.00  114.00 
7.00    178.00  116.00 
7.00    182.00  119.00 
7.00    182.00  119.00 
7.00    181.00  120.00 
7.00    184.00  119.00 
8.00    188.00  118.00 
7.00    178.00  122.00 
7.00    183.00  117.00 
7.00    184.00  118.00 
7.00    181.00  120.00 
9.00    154.00  154.00 
6.00    169.00  157.00 
6.00    180.00  149.00 
6.00    180.00  149.00 
6.00    181.00  148.00 
6.00    180.00  149.00 
5.00    180.00  150.00 
5.00    180.00  150.00 
5.00    179.00  151.00 
5.00    181.00  149.00 
5.00    179.00  151.00 
5.00    178.00  152.00 
5.00    177.00  153.00 
5.00    180.00  152.00 
5.00    174.00  154.00 
5.00    173.00  155.00 
5.00    176.00  151.00 
5.00    176.00  151.00 
5.00    176.00  148.00 
5.00    184.00  143.00 
5.00    179.00  145.00 
6.00    187.00  134.00 
6.00    188.00  129.00 
6.00    186.00  125.00 
6.00    183.00  121.00 
7.00    184.00  119.00 
6.00    180.00  119.00 
6.00    182.00  118.00 
7.00    183.00  120.00 
7.00    184.00  119.00 
7.00    182.00  119.00 
7.00    186.00  118.00 
7.00    186.00  118.00 
7.00    182.00  119.00 
7.00    185.00  117.00 
7.00    182.00  119.00 
7.00    182.00  119.00 
7.00    184.00  118.00 
7.00    184.00  118.00 
7.00    184.00  118.00 
10.00   150.00  150.00 
6.00    171.00  157.00 
5.00    179.00  151.00 
5.00    181.00  149.00 
5.00    181.00  149.00 
6.00    177.00  151.00 
5.00    179.00  151.00 
5.00    179.00  151.00 
5.00    180.00  150.00 
5.00    178.00  152.00 
5.00    176.00  154.00 
5.00    176.00  155.00 
5.00    173.00  156.00 
5.00    178.00  152.00 
5.00    177.00  150.00 
5.00    176.00  151.00 
4.00    175.00  147.00 
5.00    177.00  143.00 
5.00    179.00  137.00 
6.00    185.00  131.00 
6.00    185.00  131.00 
7.00    191.00  123.00 
7.00    190.00  122.00 
7.00    180.00  123.00 
6.00    182.00  119.00 
7.00    185.00  116.00 
6.00    180.00  119.00 
7.00    183.00  120.00 
7.00    187.00  117.00 
7.00    184.00  119.00 
7.00    189.00  119.00 
8.00    190.00  117.00 
8.00    188.00  118.00 
7.00    190.00  114.00 
7.00    184.00  118.00 
7.00    185.00  117.00 
7.00    184.00  118.00 
7.00    184.00  118.00 
7.00    184.00  118.00 
7.00    185.00  117.00 
10.00   140.00  151.00 
6.00    168.00  159.00 
5.00    180.00  152.00 
5.00    180.00  153.00 
5.00    180.00  152.00 
6.00    178.00  152.00 
5.00    178.00  153.00 
5.00    177.00  154.00 
5.00    180.00  152.00 
5.00    177.00  154.00 
5.00    176.00  155.00 
5.00    175.00  157.00 
5.00    177.00  154.00 
5.00    179.00  151.00 
5.00    179.00  147.00 
5.00    178.00  146.00 
5.00    175.00  143.00 
5.00    182.00  133.00 
6.00    185.00  128.00 
6.00    187.00  120.00 
7.00    190.00  117.00 
7.00    186.00  118.00 
7.00    184.00  119.00 
7.00    184.00  119.00 
6.00    182.00  119.00 
6.00    177.00  121.00 
7.00    181.00  120.00 
7.00    183.00  121.00 
7.00    189.00  119.00 
8.00    191.00  119.00 
8.00    190.00  117.00 
8.00    188.00  118.00 
8.00    188.00  118.00 
8.00    186.00  119.00 
7.00    184.00  118.00 
7.00    182.00  118.00 
7.00    182.00  119.00 
7.00    182.00  119.00 
7.00    186.00  118.00 
7.00    184.00  118.00 
