147.00  81.00   91.00  
147.00  83.00   89.00  
147.00  83.00   89.00  
147.00  85.00   87.00  
147.00  84.00   88.00  
147.00  86.00   89.00  
146.00  83.00   95.00  
146.00  82.00   96.00  
146.00  81.00   98.00  
146.00  81.00   98.00  
146.00  78.00   102.00 
146.00  76.00   104.00 
146.00  77.00   103.00 
145.00  71.00   107.00 
145.00  71.00   107.00 
145.00  71.00   107.00 
143.00  74.00   110.00 
143.00  73.00   112.00 
143.00  72.00   113.00 
143.00  72.00   113.00 
143.00  73.00   112.00 
143.00  74.00   113.00 
143.00  71.00   115.00 
143.00  72.00   114.00 
143.00  71.00   115.00 
143.00  71.00   115.00 
145.00  70.00   116.00 
145.00  72.00   117.00 
145.00  71.00   118.00 
145.00  72.00   117.00 
145.00  72.00   117.00 
145.00  71.00   118.00 
145.00  71.00   119.00 
145.00  70.00   121.00 
145.00  70.00   120.00 
145.00  71.00   118.00 
146.00  69.00   114.00 
146.00  71.00   111.00 
147.00  69.00   111.00 
147.00  67.00   110.00 
147.00  68.00   109.00 
151.00  63.00   106.00 
155.00  58.00   109.00 
157.00  51.00   124.00 
155.00  53.00   121.00 
148.00  79.00   90.00  
147.00  82.00   90.00  
147.00  83.00   89.00  
147.00  86.00   86.00  
147.00  85.00   87.00  
147.00  84.00   88.00  
146.00  82.00   96.00  
146.00  81.00   97.00  
146.00  79.00   100.00 
146.00  80.00   99.00  
146.00  79.00   100.00 
146.00  77.00   103.00 
146.00  76.00   104.00 
146.00  70.00   106.00 
145.00  71.00   107.00 
145.00  70.00   106.00 
143.00  74.00   110.00 
143.00  74.00   111.00 
143.00  73.00   112.00 
143.00  72.00   114.00 
143.00  73.00   112.00 
143.00  72.00   114.00 
143.00  72.00   113.00 
144.00  72.00   114.00 
143.00  70.00   117.00 
144.00  70.00   116.00 
145.00  70.00   120.00 
145.00  70.00   120.00 
145.00  71.00   119.00 
145.00  71.00   119.00 
145.00  70.00   121.00 
145.00  67.00   121.00 
145.00  70.00   121.00 
145.00  70.00   120.00 
145.00  69.00   122.00 
145.00  70.00   120.00 
146.00  68.00   116.00 
146.00  70.00   113.00 
147.00  66.00   112.00 
148.00  67.00   110.00 
147.00  67.00   110.00 
148.00  65.00   110.00 
152.00  58.00   109.00 
155.00  54.00   118.00 
157.00  53.00   121.00 
146.00  83.00   92.00  
147.00  82.00   90.00  
147.00  83.00   89.00  
148.00  81.00   88.00  
147.00  85.00   87.00  
147.00  86.00   86.00  
146.00  81.00   97.00  
146.00  81.00   97.00  
146.00  78.00   101.00 
146.00  80.00   99.00  
146.00  79.00   100.00 
146.00  78.00   102.00 
146.00  75.00   105.00 
145.00  72.00   106.00 
145.00  71.00   108.00 
146.00  71.00   108.00 
143.00  74.00   111.00 
143.00  73.00   112.00 
143.00  73.00   112.00 
143.00  73.00   112.00 
143.00  73.00   112.00 
143.00  72.00   114.00 
143.00  70.00   117.00 
143.00  70.00   117.00 
143.00  70.00   117.00 
143.00  69.00   119.00 
145.00  70.00   120.00 
145.00  70.00   121.00 
145.00  70.00   121.00 
145.00  70.00   120.00 
145.00  70.00   120.00 
145.00  69.00   122.00 
145.00  70.00   120.00 
145.00  69.00   122.00 
145.00  68.00   123.00 
145.00  70.00   121.00 
146.00  66.00   119.00 
146.00  68.00   116.00 
147.00  65.00   114.00 
147.00  65.00   113.00 
147.00  66.00   112.00 
146.00  71.00   112.00 
150.00  59.00   108.00 
155.00  54.00   117.00 
157.00  53.00   120.00 
147.00  81.00   91.00  
147.00  82.00   90.00  
147.00  83.00   89.00  
147.00  82.00   90.00  
147.00  83.00   89.00  
147.00  84.00   88.00  
146.00  84.00   94.00  
147.00  80.00   96.00  
146.00  79.00   100.00 
146.00  78.00   102.00 
146.00  78.00   102.00 
146.00  76.00   104.00 
146.00  76.00   104.00 
145.00  73.00   105.00 
145.00  71.00   108.00 
145.00  71.00   108.00 
143.00  74.00   111.00 
143.00  72.00   113.00 
144.00  74.00   114.00 
143.00  71.00   112.00 
143.00  72.00   113.00 
143.00  70.00   116.00 
143.00  70.00   117.00 
143.00  68.00   120.00 
143.00  69.00   118.00 
143.00  67.00   121.00 
145.00  70.00   120.00 
145.00  71.00   119.00 
145.00  68.00   120.00 
145.00  70.00   120.00 
145.00  69.00   122.00 
145.00  69.00   122.00 
145.00  70.00   121.00 
145.00  68.00   123.00 
145.00  70.00   121.00 
144.00  70.00   120.00 
146.00  66.00   119.00 
147.00  66.00   119.00 
147.00  65.00   117.00 
147.00  64.00   115.00 
146.00  67.00   114.00 
145.00  71.00   115.00 
148.00  63.00   110.00 
154.00  54.00   117.00 
155.00  52.00   122.00 
147.00  79.00   94.00  
147.00  80.00   92.00  
147.00  82.00   90.00  
147.00  83.00   89.00  
146.00  82.00   90.00  
147.00  86.00   86.00  
146.00  85.00   93.00  
146.00  81.00   98.00  
146.00  78.00   101.00 
146.00  78.00   101.00 
146.00  77.00   103.00 
146.00  75.00   105.00 
146.00  76.00   104.00 
145.00  72.00   106.00 
145.00  71.00   107.00 
145.00  71.00   108.00 
143.00  74.00   110.00 
143.00  72.00   113.00 
143.00  72.00   114.00 
143.00  71.00   115.00 
143.00  71.00   115.00 
143.00  70.00   117.00 
143.00  70.00   117.00 
143.00  68.00   120.00 
143.00  67.00   121.00 
143.00  66.00   123.00 
145.00  70.00   121.00 
145.00  70.00   120.00 
145.00  68.00   123.00 
145.00  68.00   123.00 
145.00  70.00   121.00 
145.00  68.00   123.00 
145.00  70.00   121.00 
145.00  68.00   123.00 
145.00  69.00   122.00 
145.00  70.00   121.00 
146.00  67.00   118.00 
146.00  66.00   120.00 
147.00  63.00   118.00 
147.00  63.00   118.00 
147.00  64.00   115.00 
145.00  70.00   117.00 
147.00  64.00   115.00 
151.00  57.00   116.00 
154.00  51.00   124.00 
147.00  79.00   94.00  
147.00  81.00   91.00  
147.00  82.00   90.00  
147.00  84.00   88.00  
147.00  85.00   87.00  
147.00  82.00   90.00  
147.00  85.00   93.00  
146.00  81.00   98.00  
146.00  79.00   100.00 
146.00  78.00   102.00 
146.00  78.00   102.00 
146.00  76.00   104.00 
146.00  76.00   104.00 
145.00  71.00   107.00 
145.00  71.00   107.00 
145.00  71.00   108.00 
143.00  73.00   112.00 
143.00  72.00   113.00 
143.00  72.00   114.00 
143.00  70.00   116.00 
143.00  69.00   118.00 
143.00  69.00   119.00 
144.00  66.00   119.00 
143.00  68.00   120.00 
143.00  69.00   119.00 
143.00  67.00   122.00 
145.00  69.00   122.00 
144.00  70.00   123.00 
144.00  72.00   121.00 
145.00  68.00   123.00 
145.00  68.00   123.00 
145.00  68.00   124.00 
145.00  68.00   123.00 
145.00  68.00   124.00 
145.00  68.00   123.00 
145.00  70.00   121.00 
146.00  66.00   120.00 
146.00  65.00   122.00 
147.00  62.00   119.00 
147.00  63.00   117.00 
147.00  64.00   116.00 
147.00  67.00   115.00 
148.00  63.00   113.00 
150.00  59.00   112.00 
151.00  53.00   124.00 
147.00  83.00   89.00  
147.00  80.00   93.00  
147.00  84.00   88.00  
147.00  83.00   89.00  
147.00  82.00   90.00  
147.00  83.00   89.00  
146.00  84.00   94.00  
146.00  80.00   99.00  
146.00  80.00   102.00 
146.00  78.00   102.00 
146.00  77.00   103.00 
143.00  77.00   106.00 
143.00  76.00   108.00 
143.00  76.00   108.00 
143.00  76.00   108.00 
143.00  76.00   108.00 
143.00  74.00   111.00 
143.00  72.00   114.00 
144.00  68.00   117.00 
143.00  70.00   117.00 
143.00  69.00   119.00 
143.00  67.00   121.00 
144.00  68.00   117.00 
143.00  68.00   120.00 
143.00  68.00   120.00 
143.00  67.00   122.00 
143.00  67.00   122.00 
143.00  68.00   123.00 
145.00  71.00   119.00 
145.00  68.00   124.00 
145.00  68.00   124.00 
146.00  66.00   120.00 
146.00  65.00   121.00 
146.00  66.00   120.00 
146.00  65.00   122.00 
146.00  66.00   120.00 
146.00  65.00   122.00 
146.00  66.00   119.00 
147.00  62.00   119.00 
147.00  62.00   120.00 
147.00  62.00   120.00 
146.00  66.00   119.00 
148.00  61.00   117.00 
149.00  59.00   117.00 
151.00  54.00   122.00 
147.00  80.00   92.00  
147.00  80.00   93.00  
147.00  80.00   92.00  
147.00  83.00   89.00  
147.00  81.00   91.00  
147.00  83.00   89.00  
146.00  83.00   95.00  
146.00  80.00   99.00  
146.00  76.00   104.00 
146.00  77.00   103.00 
146.00  77.00   103.00 
143.00  76.00   107.00 
143.00  74.00   110.00 
144.00  75.00   109.00 
143.00  75.00   109.00 
143.00  74.00   111.00 
143.00  73.00   112.00 
143.00  72.00   113.00 
143.00  69.00   118.00 
143.00  69.00   119.00 
143.00  66.00   123.00 
143.00  67.00   121.00 
143.00  68.00   120.00 
143.00  67.00   122.00 
143.00  67.00   121.00 
143.00  67.00   121.00 
143.00  66.00   123.00 
143.00  67.00   121.00 
145.00  68.00   123.00 
145.00  68.00   123.00 
145.00  69.00   122.00 
146.00  65.00   122.00 
146.00  66.00   120.00 
146.00  67.00   122.00 
146.00  66.00   120.00 
146.00  64.00   123.00 
146.00  65.00   122.00 
146.00  65.00   121.00 
147.00  62.00   120.00 
147.00  60.00   123.00 
147.00  62.00   120.00 
146.00  67.00   122.00 
147.00  62.00   120.00 
149.00  58.00   119.00 
151.00  56.00   123.00 
147.00  84.00   88.00  
147.00  80.00   92.00  
147.00  81.00   91.00  
147.00  81.00   91.00  
147.00  81.00   91.00  
147.00  81.00   91.00  
146.00  83.00   95.00  
146.00  78.00   101.00 
146.00  76.00   104.00 
145.00  76.00   104.00 
146.00  75.00   106.00 
143.00  76.00   107.00 
143.00  74.00   110.00 
143.00  74.00   110.00 
143.00  77.00   106.00 
144.00  74.00   111.00 
143.00  72.00   114.00 
143.00  70.00   117.00 
143.00  68.00   120.00 
143.00  68.00   120.00 
143.00  67.00   122.00 
143.00  68.00   120.00 
143.00  66.00   123.00 
143.00  66.00   124.00 
143.00  67.00   122.00 
143.00  65.00   121.00 
143.00  65.00   122.00 
143.00  67.00   122.00 
144.00  68.00   124.00 
145.00  68.00   123.00 
144.00  69.00   122.00 
146.00  66.00   120.00 
146.00  67.00   118.00 
146.00  64.00   123.00 
146.00  65.00   121.00 
146.00  66.00   120.00 
146.00  64.00   123.00 
146.00  64.00   123.00 
146.00  63.00   122.00 
148.00  61.00   122.00 
147.00  61.00   121.00 
146.00  65.00   121.00 
147.00  61.00   121.00 
150.00  55.00   121.00 
151.00  55.00   121.00 
147.00  83.00   89.00  
148.00  82.00   90.00  
147.00  82.00   90.00  
147.00  82.00   90.00  
146.00  86.00   89.00  
147.00  85.00   87.00  
146.00  81.00   97.00  
146.00  77.00   103.00 
146.00  77.00   103.00 
146.00  76.00   104.00 
146.00  75.00   106.00 
143.00  73.00   108.00 
143.00  76.00   108.00 
143.00  74.00   110.00 
143.00  74.00   110.00 
144.00  75.00   112.00 
143.00  70.00   116.00 
143.00  70.00   117.00 
143.00  69.00   118.00 
143.00  69.00   119.00 
143.00  68.00   120.00 
143.00  69.00   119.00 
143.00  69.00   119.00 
143.00  68.00   120.00 
143.00  67.00   122.00 
143.00  67.00   122.00 
143.00  67.00   121.00 
143.00  67.00   121.00 
145.00  69.00   122.00 
145.00  68.00   123.00 
145.00  71.00   122.00 
146.00  65.00   122.00 
145.00  68.00   120.00 
146.00  66.00   119.00 
146.00  64.00   123.00 
146.00  66.00   120.00 
146.00  65.00   121.00 
146.00  65.00   122.00 
147.00  62.00   120.00 
147.00  62.00   119.00 
147.00  61.00   122.00 
146.00  62.00   123.00 
147.00  61.00   122.00 
151.00  55.00   121.00 
154.00  54.00   117.00 
147.00  80.00   93.00  
147.00  81.00   91.00  
147.00  83.00   89.00  
147.00  81.00   91.00  
147.00  82.00   90.00  
147.00  80.00   93.00  
146.00  82.00   96.00  
146.00  78.00   101.00 
146.00  78.00   101.00 
146.00  78.00   105.00 
146.00  75.00   105.00 
143.00  77.00   106.00 
143.00  77.00   106.00 
143.00  74.00   111.00 
143.00  74.00   110.00 
143.00  72.00   113.00 
143.00  72.00   114.00 
143.00  70.00   117.00 
143.00  69.00   118.00 
143.00  69.00   119.00 
143.00  69.00   118.00 
143.00  69.00   119.00 
143.00  67.00   122.00 
143.00  67.00   121.00 
143.00  68.00   120.00 
143.00  67.00   121.00 
143.00  67.00   121.00 
143.00  68.00   120.00 
145.00  70.00   121.00 
145.00  69.00   122.00 
145.00  67.00   121.00 
146.00  66.00   120.00 
146.00  68.00   120.00 
146.00  67.00   121.00 
146.00  65.00   121.00 
146.00  67.00   121.00 
146.00  66.00   120.00 
146.00  65.00   121.00 
147.00  61.00   121.00 
147.00  62.00   120.00 
147.00  61.00   122.00 
147.00  61.00   122.00 
150.00  57.00   121.00 
150.00  55.00   120.00 
154.00  55.00   116.00 
147.00  80.00   92.00  
147.00  81.00   91.00  
147.00  83.00   89.00  
147.00  83.00   89.00  
147.00  82.00   90.00  
147.00  79.00   94.00  
146.00  81.00   98.00  
146.00  77.00   103.00 
146.00  79.00   100.00 
146.00  76.00   104.00 
146.00  73.00   105.00 
143.00  74.00   110.00 
143.00  75.00   109.00 
143.00  74.00   110.00 
143.00  75.00   109.00 
143.00  73.00   112.00 
143.00  73.00   115.00 
143.00  69.00   118.00 
143.00  69.00   119.00 
143.00  69.00   119.00 
143.00  69.00   118.00 
143.00  69.00   119.00 
143.00  69.00   119.00 
143.00  67.00   121.00 
143.00  69.00   119.00 
143.00  68.00   120.00 
143.00  68.00   120.00 
143.00  68.00   120.00 
145.00  70.00   121.00 
145.00  69.00   122.00 
145.00  71.00   119.00 
146.00  66.00   120.00 
147.00  65.00   118.00 
146.00  66.00   120.00 
146.00  67.00   118.00 
146.00  66.00   119.00 
146.00  65.00   122.00 
145.00  66.00   123.00 
147.00  61.00   121.00 
147.00  60.00   124.00 
147.00  60.00   123.00 
147.00  60.00   124.00 
149.00  57.00   121.00 
151.00  56.00   119.00 
154.00  56.00   113.00 
147.00  83.00   89.00  
147.00  83.00   89.00  
147.00  81.00   91.00  
147.00  81.00   91.00  
147.00  83.00   92.00  
147.00  81.00   94.00  
146.00  79.00   100.00 
146.00  78.00   101.00 
146.00  75.00   106.00 
147.00  73.00   105.00 
146.00  75.00   105.00 
144.00  73.00   108.00 
144.00  75.00   106.00 
144.00  72.00   110.00 
144.00  72.00   110.00 
144.00  71.00   111.00 
144.00  68.00   116.00 
143.00  70.00   117.00 
143.00  70.00   116.00 
143.00  70.00   117.00 
143.00  69.00   119.00 
143.00  69.00   119.00 
143.00  70.00   116.00 
144.00  68.00   117.00 
144.00  67.00   118.00 
144.00  66.00   120.00 
144.00  70.00   120.00 
144.00  69.00   119.00 
145.00  69.00   119.00 
145.00  68.00   120.00 
145.00  69.00   119.00 
146.00  67.00   118.00 
146.00  65.00   121.00 
146.00  65.00   121.00 
146.00  65.00   121.00 
146.00  65.00   121.00 
146.00  65.00   122.00 
147.00  64.00   120.00 
147.00  61.00   121.00 
147.00  59.00   125.00 
147.00  60.00   123.00 
147.00  63.00   125.00 
150.00  56.00   122.00 
153.00  59.00   116.00 
158.00  61.00   109.00 
147.00  81.00   91.00  
147.00  82.00   90.00  
147.00  80.00   92.00  
147.00  83.00   89.00  
146.00  83.00   95.00  
146.00  82.00   96.00  
146.00  78.00   102.00 
146.00  76.00   104.00 
146.00  75.00   105.00 
146.00  75.00   106.00 
146.00  75.00   106.00 
145.00  71.00   107.00 
145.00  73.00   105.00 
145.00  71.00   108.00 
145.00  70.00   109.00 
145.00  69.00   111.00 
143.00  70.00   116.00 
143.00  71.00   115.00 
143.00  69.00   119.00 
143.00  71.00   115.00 
143.00  70.00   117.00 
143.00  69.00   118.00 
143.00  70.00   117.00 
143.00  69.00   118.00 
145.00  66.00   116.00 
145.00  65.00   118.00 
145.00  71.00   119.00 
145.00  72.00   117.00 
146.00  68.00   116.00 
146.00  67.00   118.00 
146.00  66.00   120.00 
146.00  65.00   118.00 
146.00  66.00   119.00 
146.00  67.00   118.00 
146.00  64.00   123.00 
146.00  65.00   122.00 
146.00  65.00   121.00 
146.00  64.00   124.00 
147.00  61.00   122.00 
147.00  60.00   123.00 
147.00  60.00   124.00 
149.00  62.00   123.00 
152.00  61.00   118.00 
156.00  65.00   110.00 
163.00  65.00   106.00 
147.00  83.00   89.00  
147.00  80.00   92.00  
147.00  80.00   92.00  
147.00  78.00   95.00  
146.00  85.00   93.00  
146.00  81.00   97.00  
146.00  77.00   103.00 
146.00  75.00   105.00 
146.00  76.00   104.00 
146.00  75.00   105.00 
146.00  74.00   107.00 
145.00  71.00   107.00 
145.00  71.00   107.00 
145.00  72.00   106.00 
145.00  71.00   108.00 
145.00  70.00   110.00 
143.00  71.00   115.00 
143.00  72.00   114.00 
143.00  70.00   116.00 
143.00  67.00   118.00 
143.00  70.00   117.00 
143.00  69.00   118.00 
143.00  70.00   117.00 
143.00  70.00   117.00 
143.00  70.00   117.00 
143.00  70.00   117.00 
145.00  71.00   119.00 
145.00  71.00   118.00 
146.00  69.00   115.00 
146.00  68.00   116.00 
146.00  66.00   120.00 
146.00  66.00   119.00 
146.00  67.00   118.00 
146.00  66.00   120.00 
146.00  66.00   119.00 
146.00  64.00   123.00 
146.00  64.00   124.00 
146.00  63.00   125.00 
146.00  62.00   123.00 
147.00  60.00   124.00 
149.00  56.00   122.00 
154.00  61.00   117.00 
156.00  64.00   112.00 
162.00  64.00   107.00 
166.00  64.00   103.00 
147.00  84.00   88.00  
148.00  79.00   90.00  
147.00  82.00   90.00  
147.00  79.00   94.00  
146.00  83.00   95.00  
146.00  81.00   97.00  
146.00  76.00   104.00 
146.00  78.00   102.00 
146.00  77.00   103.00 
146.00  77.00   103.00 
146.00  74.00   107.00 
145.00  71.00   108.00 
145.00  70.00   109.00 
145.00  71.00   108.00 
145.00  70.00   109.00 
145.00  69.00   111.00 
143.00  71.00   115.00 
143.00  71.00   115.00 
143.00  70.00   117.00 
143.00  70.00   116.00 
143.00  70.00   116.00 
143.00  71.00   115.00 
145.00  67.00   111.00 
145.00  70.00   109.00 
143.00  72.00   114.00 
143.00  74.00   117.00 
146.00  68.00   116.00 
146.00  68.00   117.00 
146.00  68.00   117.00 
146.00  68.00   117.00 
145.00  66.00   119.00 
146.00  65.00   121.00 
146.00  68.00   117.00 
146.00  67.00   118.00 
146.00  66.00   119.00 
146.00  65.00   121.00 
146.00  63.00   125.00 
146.00  64.00   123.00 
147.00  63.00   121.00 
150.00  57.00   121.00 
154.00  61.00   118.00 
159.00  63.00   110.00 
161.00  66.00   104.00 
165.00  64.00   103.00 
167.00  66.00   101.00 
147.00  84.00   88.00  
147.00  83.00   89.00  
147.00  82.00   90.00  
146.00  77.00   96.00  
146.00  80.00   99.00  
146.00  78.00   102.00 
146.00  77.00   103.00 
146.00  78.00   102.00 
146.00  75.00   105.00 
146.00  77.00   103.00 
146.00  76.00   104.00 
145.00  71.00   107.00 
145.00  70.00   109.00 
145.00  71.00   108.00 
145.00  70.00   109.00 
145.00  70.00   110.00 
143.00  72.00   114.00 
143.00  71.00   115.00 
143.00  71.00   115.00 
143.00  72.00   113.00 
143.00  72.00   114.00 
145.00  69.00   111.00 
147.00  66.00   104.00 
149.00  65.00   98.00  
147.00  66.00   108.00 
146.00  67.00   110.00 
147.00  68.00   113.00 
147.00  63.00   117.00 
147.00  67.00   115.00 
146.00  67.00   118.00 
146.00  68.00   117.00 
146.00  67.00   118.00 
146.00  66.00   119.00 
146.00  66.00   119.00 
146.00  65.00   122.00 
146.00  63.00   125.00 
146.00  63.00   122.00 
146.00  64.00   123.00 
149.00  63.00   121.00 
155.00  63.00   114.00 
159.00  69.00   107.00 
162.00  67.00   103.00 
164.00  67.00   103.00 
167.00  68.00   98.00  
170.00  68.00   98.00  
148.00  82.00   90.00  
147.00  83.00   89.00  
147.00  79.00   94.00  
146.00  78.00   98.00  
146.00  80.00   99.00  
146.00  77.00   103.00 
146.00  75.00   105.00 
146.00  76.00   104.00 
146.00  77.00   103.00 
146.00  75.00   106.00 
146.00  74.00   107.00 
145.00  72.00   106.00 
145.00  71.00   108.00 
145.00  69.00   111.00 
145.00  69.00   111.00 
145.00  70.00   110.00 
143.00  72.00   113.00 
143.00  71.00   115.00 
143.00  71.00   115.00 
143.00  72.00   113.00 
143.00  72.00   114.00 
146.00  70.00   105.00 
153.00  64.00   95.00  
154.00  67.00   88.00  
154.00  65.00   90.00  
151.00  60.00   102.00 
148.00  69.00   104.00 
147.00  69.00   107.00 
147.00  64.00   115.00 
146.00  66.00   116.00 
146.00  67.00   118.00 
146.00  68.00   117.00 
147.00  66.00   119.00 
146.00  63.00   121.00 
146.00  64.00   123.00 
147.00  62.00   124.00 
149.00  55.00   121.00 
147.00  62.00   120.00 
152.00  65.00   114.00 
157.00  67.00   110.00 
166.00  68.00   105.00 
165.00  66.00   100.00 
165.00  66.00   100.00 
167.00  68.00   98.00  
170.00  68.00   98.00  
148.00  81.00   91.00  
148.00  78.00   92.00  
147.00  78.00   95.00  
147.00  76.00   97.00  
146.00  78.00   101.00 
147.00  75.00   102.00 
146.00  76.00   104.00 
146.00  77.00   103.00 
145.00  80.00   102.00 
145.00  75.00   106.00 
146.00  76.00   104.00 
145.00  72.00   106.00 
145.00  71.00   108.00 
145.00  71.00   107.00 
144.00  73.00   108.00 
145.00  70.00   110.00 
143.00  72.00   114.00 
143.00  72.00   114.00 
143.00  74.00   111.00 
144.00  71.00   112.00 
145.00  70.00   109.00 
148.00  68.00   97.00  
155.00  70.00   84.00  
162.00  71.00   79.00  
161.00  78.00   72.00  
158.00  66.00   93.00  
150.00  68.00   97.00  
149.00  73.00   94.00  
149.00  63.00   113.00 
146.00  69.00   115.00 
146.00  67.00   118.00 
146.00  66.00   119.00 
146.00  66.00   120.00 
145.00  65.00   125.00 
147.00  63.00   121.00 
146.00  62.00   123.00 
149.00  55.00   121.00 
150.00  59.00   116.00 
154.00  66.00   109.00 
161.00  73.00   102.00 
168.00  73.00   101.00 
165.00  68.00   98.00  
165.00  68.00   98.00  
168.00  69.00   100.00 
167.00  69.00   96.00  
149.00  76.00   91.00  
147.00  80.00   93.00  
147.00  78.00   95.00  
147.00  75.00   102.00 
146.00  78.00   101.00 
146.00  78.00   102.00 
146.00  78.00   102.00 
146.00  76.00   104.00 
146.00  76.00   104.00 
146.00  75.00   105.00 
146.00  75.00   105.00 
145.00  72.00   106.00 
145.00  71.00   108.00 
145.00  71.00   108.00 
145.00  71.00   108.00 
145.00  69.00   111.00 
145.00  70.00   110.00 
145.00  70.00   110.00 
145.00  68.00   112.00 
146.00  66.00   112.00 
149.00  60.00   106.00 
151.00  67.00   92.00  
162.00  72.00   78.00  
169.00  78.00   72.00  
170.00  83.00   71.00  
163.00  81.00   85.00  
156.00  74.00   86.00  
155.00  78.00   82.00  
151.00  61.00   108.00 
148.00  63.00   113.00 
146.00  67.00   118.00 
146.00  66.00   119.00 
146.00  65.00   121.00 
147.00  61.00   122.00 
147.00  60.00   124.00 
148.00  58.00   124.00 
148.00  62.00   119.00 
155.00  69.00   111.00 
162.00  75.00   105.00 
165.00  75.00   105.00 
165.00  74.00   97.00  
165.00  68.00   98.00  
165.00  67.00   99.00  
167.00  68.00   97.00  
167.00  69.00   96.00  
149.00  77.00   89.00  
147.00  80.00   92.00  
147.00  78.00   95.00  
147.00  73.00   101.00 
146.00  78.00   101.00 
146.00  77.00   103.00 
146.00  77.00   103.00 
146.00  75.00   106.00 
146.00  75.00   106.00 
147.00  75.00   105.00 
147.00  75.00   105.00 
145.00  73.00   105.00 
145.00  72.00   106.00 
145.00  70.00   109.00 
145.00  71.00   107.00 
146.00  70.00   109.00 
146.00  70.00   110.00 
145.00  68.00   113.00 
145.00  67.00   114.00 
145.00  68.00   109.00 
148.00  64.00   103.00 
153.00  62.00   94.00  
162.00  80.00   70.00  
170.00  83.00   71.00  
170.00  84.00   70.00  
164.00  81.00   76.00  
158.00  76.00   81.00  
155.00  76.00   84.00  
149.00  70.00   99.00  
147.00  65.00   114.00 
145.00  69.00   119.00 
146.00  65.00   118.00 
147.00  65.00   121.00 
146.00  62.00   123.00 
147.00  59.00   126.00 
147.00  60.00   124.00 
150.00  61.00   112.00 
157.00  71.00   107.00 
163.00  77.00   103.00 
165.00  71.00   100.00 
167.00  68.00   97.00  
165.00  68.00   97.00  
165.00  66.00   100.00 
167.00  69.00   96.00  
167.00  69.00   96.00  
149.00  76.00   91.00  
147.00  77.00   96.00  
147.00  75.00   98.00  
147.00  74.00   100.00 
146.00  78.00   102.00 
146.00  78.00   101.00 
147.00  78.00   102.00 
146.00  76.00   104.00 
147.00  76.00   104.00 
146.00  75.00   106.00 
146.00  75.00   105.00 
144.00  73.00   108.00 
145.00  71.00   108.00 
145.00  70.00   110.00 
145.00  69.00   111.00 
145.00  70.00   109.00 
146.00  67.00   110.00 
145.00  68.00   112.00 
145.00  68.00   112.00 
146.00  69.00   107.00 
150.00  62.00   99.00  
155.00  64.00   92.00  
163.00  79.00   74.00  
170.00  78.00   69.00  
169.00  85.00   72.00  
164.00  81.00   76.00  
158.00  76.00   84.00  
155.00  71.00   90.00  
149.00  65.00   106.00 
145.00  69.00   118.00 
145.00  70.00   121.00 
146.00  67.00   118.00 
146.00  64.00   123.00 
147.00  59.00   125.00 
147.00  58.00   127.00 
147.00  62.00   120.00 
155.00  67.00   107.00 
159.00  73.00   102.00 
165.00  77.00   103.00 
167.00  72.00   99.00  
167.00  68.00   97.00  
165.00  68.00   98.00  
165.00  68.00   98.00  
167.00  68.00   98.00  
167.00  69.00   96.00  
149.00  73.00   94.00  
147.00  75.00   99.00  
147.00  75.00   99.00  
147.00  74.00   100.00 
146.00  77.00   103.00 
146.00  78.00   101.00 
146.00  78.00   102.00 
146.00  76.00   104.00 
146.00  77.00   103.00 
146.00  75.00   106.00 
146.00  75.00   105.00 
145.00  70.00   109.00 
145.00  70.00   109.00 
145.00  72.00   106.00 
146.00  67.00   110.00 
145.00  69.00   111.00 
146.00  67.00   111.00 
145.00  68.00   113.00 
145.00  68.00   112.00 
146.00  69.00   107.00 
149.00  72.00   89.00  
154.00  63.00   85.00  
161.00  74.00   76.00  
167.00  76.00   70.00  
167.00  75.00   71.00  
163.00  82.00   75.00  
158.00  69.00   92.00  
152.00  65.00   102.00 
147.00  65.00   117.00 
146.00  66.00   120.00 
146.00  67.00   118.00 
146.00  66.00   119.00 
146.00  66.00   123.00 
147.00  59.00   125.00 
147.00  59.00   126.00 
148.00  61.00   117.00 
159.00  67.00   106.00 
163.00  71.00   100.00 
167.00  75.00   102.00 
167.00  72.00   99.00  
167.00  68.00   97.00  
165.00  68.00   98.00  
165.00  68.00   97.00  
167.00  68.00   98.00  
167.00  68.00   98.00  
149.00  73.00   94.00  
147.00  75.00   99.00  
147.00  74.00   100.00 
147.00  75.00   98.00  
146.00  79.00   103.00 
146.00  75.00   105.00 
146.00  77.00   103.00 
146.00  75.00   105.00 
146.00  74.00   107.00 
146.00  74.00   107.00 
145.00  76.00   108.00 
144.00  73.00   109.00 
145.00  70.00   109.00 
145.00  71.00   108.00 
145.00  69.00   111.00 
145.00  69.00   111.00 
145.00  69.00   111.00 
145.00  68.00   112.00 
145.00  68.00   113.00 
146.00  73.00   101.00 
149.00  78.00   82.00  
154.00  69.00   78.00  
159.00  73.00   73.00  
162.00  80.00   70.00  
162.00  77.00   73.00  
161.00  73.00   77.00  
155.00  68.00   94.00  
150.00  60.00   110.00 
146.00  67.00   118.00 
146.00  67.00   118.00 
147.00  63.00   118.00 
146.00  65.00   121.00 
146.00  64.00   123.00 
147.00  58.00   127.00 
147.00  60.00   123.00 
147.00  65.00   113.00 
160.00  71.00   104.00 
164.00  73.00   101.00 
166.00  72.00   99.00  
166.00  71.00   97.00  
163.00  64.00   95.00  
165.00  68.00   97.00  
164.00  66.00   97.00  
167.00  68.00   98.00  
167.00  68.00   97.00  
149.00  71.00   97.00  
147.00  75.00   98.00  
147.00  75.00   99.00  
147.00  75.00   99.00  
146.00  78.00   102.00 
147.00  73.00   105.00 
146.00  76.00   104.00 
146.00  75.00   106.00 
146.00  75.00   106.00 
146.00  72.00   106.00 
146.00  75.00   106.00 
145.00  72.00   106.00 
145.00  70.00   110.00 
145.00  70.00   113.00 
145.00  70.00   109.00 
145.00  68.00   112.00 
145.00  67.00   111.00 
145.00  68.00   113.00 
145.00  69.00   111.00 
146.00  70.00   105.00 
149.00  75.00   85.00  
153.00  67.00   80.00  
156.00  65.00   82.00  
159.00  78.00   75.00  
159.00  76.00   77.00  
159.00  71.00   83.00  
151.00  68.00   94.00  
147.00  66.00   112.00 
146.00  67.00   118.00 
146.00  65.00   121.00 
149.00  58.00   118.00 
146.00  66.00   120.00 
146.00  64.00   123.00 
147.00  57.00   129.00 
147.00  61.00   122.00 
148.00  67.00   111.00 
160.00  73.00   102.00 
165.00  78.00   101.00 
165.00  74.00   96.00  
165.00  73.00   98.00  
163.00  65.00   94.00  
166.00  72.00   96.00  
165.00  67.00   99.00  
167.00  69.00   96.00  
167.00  71.00   94.00  
147.00  75.00   99.00  
147.00  76.00   97.00  
147.00  77.00   100.00 
147.00  71.00   101.00 
147.00  71.00   104.00 
147.00  71.00   104.00 
145.00  72.00   106.00 
145.00  72.00   106.00 
145.00  71.00   107.00 
145.00  71.00   108.00 
145.00  72.00   106.00 
145.00  73.00   109.00 
146.00  70.00   109.00 
145.00  68.00   112.00 
145.00  68.00   112.00 
145.00  68.00   113.00 
145.00  68.00   113.00 
145.00  68.00   113.00 
145.00  70.00   113.00 
145.00  70.00   109.00 
146.00  75.00   99.00  
151.00  67.00   91.00  
153.00  67.00   91.00  
154.00  68.00   86.00  
157.00  71.00   83.00  
157.00  67.00   88.00  
147.00  73.00   98.00  
146.00  65.00   114.00 
147.00  63.00   117.00 
147.00  62.00   120.00 
149.00  65.00   118.00 
147.00  62.00   120.00 
148.00  61.00   121.00 
148.00  55.00   129.00 
149.00  57.00   120.00 
150.00  60.00   110.00 
161.00  70.00   99.00  
164.00  68.00   97.00  
166.00  68.00   97.00  
167.00  69.00   96.00  
165.00  68.00   97.00  
167.00  69.00   96.00  
167.00  68.00   97.00  
167.00  69.00   96.00  
170.00  69.00   96.00  
147.00  75.00   99.00  
147.00  75.00   98.00  
147.00  77.00   96.00  
147.00  73.00   102.00 
147.00  73.00   102.00 
147.00  71.00   104.00 
145.00  72.00   106.00 
145.00  72.00   106.00 
145.00  71.00   107.00 
145.00  72.00   106.00 
145.00  68.00   109.00 
145.00  70.00   110.00 
145.00  69.00   111.00 
145.00  69.00   111.00 
145.00  69.00   111.00 
145.00  68.00   113.00 
145.00  67.00   114.00 
145.00  67.00   114.00 
145.00  67.00   114.00 
145.00  67.00   114.00 
145.00  69.00   111.00 
148.00  64.00   104.00 
149.00  56.00   114.00 
150.00  64.00   96.00  
153.00  68.00   90.00  
153.00  65.00   94.00  
146.00  68.00   108.00 
146.00  64.00   115.00 
147.00  63.00   117.00 
147.00  62.00   119.00 
149.00  64.00   120.00 
147.00  60.00   123.00 
147.00  61.00   122.00 
149.00  55.00   125.00 
149.00  56.00   123.00 
149.00  63.00   109.00 
161.00  70.00   98.00  
163.00  71.00   97.00  
166.00  69.00   96.00  
167.00  70.00   95.00  
165.00  71.00   94.00  
166.00  70.00   95.00  
167.00  68.00   97.00  
167.00  71.00   94.00  
170.00  70.00   95.00  
147.00  75.00   98.00  
147.00  76.00   97.00  
147.00  75.00   99.00  
147.00  74.00   100.00 
147.00  73.00   102.00 
147.00  73.00   102.00 
145.00  72.00   106.00 
145.00  74.00   104.00 
145.00  71.00   108.00 
145.00  70.00   109.00 
145.00  73.00   109.00 
145.00  70.00   110.00 
145.00  69.00   111.00 
145.00  68.00   112.00 
145.00  68.00   113.00 
145.00  69.00   115.00 
145.00  67.00   115.00 
145.00  67.00   115.00 
145.00  67.00   115.00 
145.00  67.00   115.00 
145.00  67.00   115.00 
143.00  68.00   117.00 
146.00  64.00   116.00 
145.00  68.00   112.00 
147.00  68.00   105.00 
147.00  66.00   109.00 
146.00  64.00   115.00 
146.00  65.00   114.00 
147.00  62.00   119.00 
147.00  62.00   119.00 
148.00  66.00   120.00 
147.00  61.00   121.00 
147.00  61.00   122.00 
149.00  55.00   126.00 
149.00  56.00   123.00 
150.00  61.00   109.00 
161.00  70.00   99.00  
163.00  72.00   96.00  
167.00  69.00   96.00  
167.00  69.00   96.00  
165.00  70.00   95.00  
167.00  69.00   96.00  
167.00  69.00   96.00  
167.00  70.00   95.00  
170.00  71.00   94.00  
147.00  75.00   98.00  
147.00  75.00   99.00  
148.00  71.00   100.00 
147.00  72.00   103.00 
148.00  73.00   101.00 
147.00  72.00   103.00 
146.00  71.00   104.00 
146.00  70.00   105.00 
146.00  68.00   108.00 
146.00  68.00   109.00 
146.00  70.00   110.00 
145.00  69.00   111.00 
145.00  69.00   111.00 
145.00  68.00   112.00 
145.00  67.00   115.00 
145.00  67.00   115.00 
145.00  67.00   115.00 
145.00  66.00   116.00 
145.00  65.00   117.00 
145.00  66.00   116.00 
145.00  67.00   115.00 
143.00  68.00   120.00 
143.00  68.00   120.00 
143.00  69.00   119.00 
145.00  65.00   118.00 
145.00  65.00   118.00 
146.00  63.00   117.00 
146.00  62.00   119.00 
147.00  63.00   118.00 
148.00  60.00   119.00 
149.00  65.00   118.00 
147.00  62.00   119.00 
147.00  61.00   121.00 
149.00  55.00   125.00 
149.00  56.00   123.00 
150.00  59.00   112.00 
161.00  68.00   101.00 
163.00  71.00   97.00  
167.00  69.00   96.00  
167.00  71.00   94.00  
165.00  70.00   95.00  
167.00  70.00   95.00  
167.00  71.00   94.00  
167.00  70.00   95.00  
170.00  72.00   92.00  
147.00  75.00   99.00  
146.00  75.00   99.00  
147.00  74.00   100.00 
147.00  73.00   101.00 
146.00  74.00   104.00 
147.00  74.00   100.00 
146.00  70.00   105.00 
146.00  69.00   107.00 
146.00  70.00   106.00 
146.00  68.00   109.00 
146.00  67.00   110.00 
145.00  68.00   113.00 
145.00  67.00   114.00 
145.00  68.00   113.00 
145.00  67.00   114.00 
145.00  67.00   114.00 
145.00  66.00   116.00 
145.00  66.00   116.00 
145.00  66.00   116.00 
145.00  65.00   117.00 
146.00  64.00   116.00 
143.00  69.00   119.00 
143.00  68.00   120.00 
143.00  69.00   119.00 
144.00  66.00   120.00 
145.00  64.00   119.00 
146.00  62.00   119.00 
146.00  61.00   121.00 
147.00  62.00   119.00 
147.00  62.00   120.00 
149.00  64.00   120.00 
147.00  62.00   120.00 
147.00  61.00   122.00 
149.00  56.00   123.00 
150.00  56.00   124.00 
149.00  58.00   115.00 
161.00  68.00   102.00 
163.00  72.00   99.00  
167.00  68.00   97.00  
167.00  70.00   95.00  
165.00  69.00   96.00  
167.00  71.00   94.00  
167.00  72.00   92.00  
167.00  70.00   95.00  
170.00  71.00   93.00  
147.00  75.00   98.00  
147.00  73.00   101.00 
147.00  73.00   101.00 
147.00  73.00   102.00 
146.00  74.00   104.00 
147.00  72.00   103.00 
146.00  70.00   106.00 
146.00  70.00   106.00 
146.00  70.00   106.00 
146.00  68.00   109.00 
146.00  67.00   110.00 
144.00  68.00   113.00 
145.00  68.00   112.00 
145.00  68.00   112.00 
145.00  68.00   113.00 
145.00  66.00   116.00 
145.00  65.00   117.00 
145.00  66.00   116.00 
145.00  66.00   116.00 
145.00  66.00   116.00 
145.00  65.00   117.00 
145.00  65.00   117.00 
146.00  63.00   117.00 
145.00  65.00   118.00 
145.00  64.00   120.00 
146.00  62.00   119.00 
146.00  64.00   115.00 
146.00  62.00   119.00 
148.00  60.00   119.00 
148.00  60.00   120.00 
149.00  65.00   118.00 
147.00  62.00   119.00 
147.00  62.00   120.00 
149.00  56.00   124.00 
149.00  53.00   125.00 
149.00  59.00   117.00 
161.00  65.00   106.00 
163.00  70.00   99.00  
167.00  68.00   97.00  
167.00  70.00   95.00  
165.00  70.00   95.00  
167.00  71.00   94.00  
167.00  71.00   94.00  
167.00  69.00   96.00  
170.00  70.00   95.00  
149.00  72.00   95.00  
147.00  73.00   101.00 
147.00  73.00   101.00 
147.00  72.00   103.00 
147.00  73.00   102.00 
147.00  71.00   104.00 
147.00  66.00   104.00 
147.00  65.00   106.00 
148.00  66.00   105.00 
148.00  61.00   108.00 
148.00  61.00   109.00 
146.00  68.00   112.00 
145.00  65.00   114.00 
146.00  65.00   113.00 
146.00  66.00   112.00 
145.00  67.00   114.00 
145.00  67.00   115.00 
145.00  66.00   116.00 
145.00  67.00   115.00 
145.00  67.00   115.00 
145.00  65.00   118.00 
145.00  66.00   116.00 
145.00  65.00   117.00 
146.00  68.00   117.00 
146.00  66.00   120.00 
146.00  64.00   119.00 
148.00  61.00   118.00 
147.00  62.00   120.00 
147.00  65.00   118.00 
146.00  64.00   119.00 
147.00  66.00   120.00 
146.00  64.00   119.00 
147.00  62.00   119.00 
149.00  56.00   122.00 
149.00  55.00   126.00 
151.00  57.00   116.00 
162.00  68.00   105.00 
164.00  69.00   100.00 
167.00  69.00   96.00  
167.00  71.00   94.00  
167.00  71.00   94.00  
170.00  71.00   94.00  
169.00  72.00   95.00  
169.00  66.00   96.00  
170.00  69.00   96.00  
149.00  70.00   98.00  
146.00  74.00   100.00 
147.00  73.00   101.00 
147.00  73.00   102.00 
148.00  73.00   102.00 
147.00  70.00   105.00 
146.00  68.00   108.00 
146.00  69.00   107.00 
146.00  66.00   112.00 
146.00  64.00   112.00 
146.00  65.00   113.00 
146.00  67.00   111.00 
146.00  66.00   112.00 
146.00  65.00   114.00 
146.00  65.00   114.00 
146.00  64.00   115.00 
145.00  67.00   115.00 
145.00  67.00   115.00 
145.00  68.00   117.00 
145.00  66.00   116.00 
145.00  65.00   117.00 
145.00  64.00   119.00 
145.00  65.00   117.00 
146.00  66.00   119.00 
147.00  67.00   118.00 
146.00  67.00   118.00 
147.00  63.00   118.00 
147.00  62.00   120.00 
145.00  65.00   122.00 
146.00  65.00   121.00 
146.00  66.00   119.00 
147.00  64.00   120.00 
147.00  61.00   121.00 
149.00  56.00   122.00 
151.00  53.00   124.00 
152.00  57.00   116.00 
162.00  64.00   107.00 
166.00  67.00   99.00  
167.00  69.00   96.00  
167.00  69.00   96.00  
168.00  70.00   95.00  
170.00  72.00   92.00  
170.00  71.00   93.00  
170.00  70.00   95.00  
170.00  71.00   93.00  
147.00  74.00   100.00 
147.00  75.00   98.00  
147.00  74.00   100.00 
148.00  70.00   105.00 
147.00  71.00   104.00 
147.00  70.00   105.00 
146.00  67.00   110.00 
146.00  68.00   108.00 
146.00  67.00   110.00 
146.00  67.00   111.00 
146.00  65.00   114.00 
146.00  67.00   115.00 
146.00  66.00   112.00 
146.00  65.00   113.00 
146.00  65.00   113.00 
146.00  65.00   114.00 
145.00  66.00   116.00 
145.00  66.00   116.00 
145.00  67.00   115.00 
145.00  66.00   116.00 
145.00  65.00   118.00 
145.00  65.00   117.00 
145.00  67.00   115.00 
146.00  68.00   116.00 
146.00  68.00   116.00 
146.00  66.00   119.00 
147.00  63.00   118.00 
147.00  61.00   121.00 
147.00  62.00   119.00 
147.00  62.00   119.00 
146.00  66.00   119.00 
147.00  62.00   119.00 
147.00  61.00   122.00 
149.00  57.00   120.00 
151.00  54.00   123.00 
152.00  57.00   117.00 
162.00  66.00   105.00 
165.00  66.00   101.00 
170.00  68.00   98.00  
170.00  68.00   97.00  
168.00  69.00   96.00  
170.00  71.00   94.00  
170.00  72.00   92.00  
170.00  71.00   94.00  
170.00  71.00   93.00  
147.00  73.00   102.00 
147.00  73.00   101.00 
147.00  71.00   101.00 
147.00  72.00   103.00 
148.00  69.00   103.00 
147.00  71.00   104.00 
146.00  68.00   108.00 
146.00  67.00   110.00 
146.00  68.00   109.00 
146.00  67.00   110.00 
146.00  66.00   112.00 
146.00  66.00   112.00 
146.00  66.00   112.00 
146.00  65.00   113.00 
146.00  65.00   113.00 
146.00  65.00   113.00 
146.00  65.00   114.00 
146.00  66.00   116.00 
146.00  65.00   114.00 
146.00  65.00   113.00 
146.00  64.00   115.00 
146.00  64.00   115.00 
146.00  64.00   116.00 
146.00  63.00   117.00 
147.00  63.00   118.00 
147.00  64.00   120.00 
147.00  61.00   117.00 
147.00  62.00   119.00 
147.00  63.00   117.00 
147.00  63.00   118.00 
148.00  61.00   118.00 
147.00  62.00   119.00 
147.00  61.00   121.00 
151.00  56.00   119.00 
151.00  54.00   123.00 
154.00  56.00   114.00 
163.00  65.00   106.00 
167.00  67.00   99.00  
169.00  65.00   98.00  
170.00  68.00   97.00  
168.00  69.00   96.00  
170.00  71.00   94.00  
170.00  71.00   94.00  
170.00  71.00   93.00  
170.00  72.00   92.00  
147.00  73.00   102.00 
149.00  68.00   101.00 
149.00  70.00   98.00  
149.00  67.00   103.00 
149.00  66.00   104.00 
149.00  67.00   103.00 
148.00  62.00   107.00 
148.00  61.00   108.00 
148.00  61.00   108.00 
148.00  60.00   110.00 
148.00  60.00   110.00 
146.00  67.00   110.00 
146.00  66.00   112.00 
146.00  65.00   113.00 
146.00  66.00   112.00 
146.00  65.00   113.00 
146.00  65.00   114.00 
146.00  65.00   114.00 
146.00  65.00   114.00 
146.00  65.00   114.00 
146.00  65.00   114.00 
146.00  65.00   114.00 
146.00  64.00   116.00 
147.00  64.00   116.00 
147.00  64.00   116.00 
147.00  63.00   117.00 
147.00  64.00   116.00 
147.00  64.00   115.00 
149.00  59.00   117.00 
149.00  59.00   116.00 
149.00  60.00   115.00 
148.00  61.00   118.00 
149.00  57.00   121.00 
151.00  56.00   119.00 
154.00  53.00   121.00 
154.00  56.00   113.00 
164.00  63.00   109.00 
167.00  64.00   103.00 
170.00  67.00   99.00  
170.00  68.00   97.00  
170.00  68.00   98.00  
170.00  70.00   95.00  
170.00  71.00   94.00  
170.00  71.00   94.00  
170.00  71.00   93.00  
149.00  67.00   103.00 
149.00  68.00   102.00 
149.00  66.00   104.00 
149.00  68.00   101.00 
149.00  68.00   101.00 
149.00  66.00   105.00 
150.00  58.00   105.00 
150.00  57.00   108.00 
150.00  58.00   106.00 
150.00  57.00   108.00 
149.00  58.00   110.00 
146.00  68.00   112.00 
146.00  67.00   111.00 
146.00  66.00   112.00 
146.00  67.00   110.00 
145.00  66.00   112.00 
146.00  65.00   114.00 
146.00  64.00   115.00 
146.00  66.00   112.00 
146.00  64.00   115.00 
146.00  65.00   114.00 
146.00  65.00   114.00 
146.00  64.00   115.00 
147.00  64.00   116.00 
147.00  64.00   115.00 
147.00  63.00   117.00 
147.00  63.00   117.00 
147.00  63.00   117.00 
149.00  60.00   115.00 
149.00  59.00   116.00 
151.00  57.00   116.00 
149.00  58.00   118.00 
149.00  57.00   120.00 
151.00  55.00   120.00 
154.00  55.00   116.00 
154.00  58.00   110.00 
164.00  66.00   105.00 
167.00  67.00   99.00  
172.00  64.00   99.00  
173.00  65.00   98.00  
170.00  68.00   97.00  
170.00  69.00   96.00  
170.00  70.00   95.00  
170.00  71.00   93.00  
170.00  72.00   92.00  
151.00  61.00   109.00 
150.00  66.00   105.00 
151.00  61.00   109.00 
150.00  63.00   105.00 
150.00  66.00   101.00 
150.00  61.00   108.00 
151.00  58.00   105.00 
150.00  58.00   106.00 
151.00  58.00   110.00 
149.00  60.00   107.00 
148.00  61.00   108.00 
146.00  67.00   111.00 
146.00  66.00   112.00 
146.00  65.00   113.00 
146.00  65.00   114.00 
146.00  65.00   113.00 
148.00  59.00   112.00 
148.00  59.00   112.00 
148.00  60.00   111.00 
148.00  59.00   112.00 
148.00  59.00   113.00 
148.00  59.00   112.00 
148.00  59.00   113.00 
149.00  62.00   111.00 
149.00  59.00   116.00 
149.00  58.00   114.00 
146.00  65.00   117.00 
147.00  63.00   118.00 
149.00  59.00   117.00 
150.00  57.00   116.00 
151.00  58.00   115.00 
149.00  57.00   120.00 
149.00  57.00   121.00 
152.00  59.00   117.00 
154.00  56.00   113.00 
155.00  59.00   108.00 
165.00  63.00   105.00 
167.00  66.00   101.00 
170.00  66.00   100.00 
173.00  63.00   101.00 
170.00  69.00   96.00  
170.00  69.00   96.00  
170.00  69.00   96.00  
170.00  72.00   95.00  
170.00  71.00   94.00  
155.00  61.00   118.00 
155.00  61.00   117.00 
155.00  61.00   118.00 
152.00  59.00   113.00 
152.00  61.00   109.00 
151.00  61.00   108.00 
154.00  59.00   108.00 
154.00  59.00   108.00 
151.00  62.00   107.00 
149.00  63.00   109.00 
149.00  64.00   107.00 
150.00  61.00   108.00 
150.00  61.00   108.00 
149.00  58.00   109.00 
150.00  57.00   108.00 
149.00  58.00   109.00 
149.00  62.00   111.00 
149.00  63.00   109.00 
149.00  63.00   110.00 
149.00  62.00   111.00 
149.00  62.00   111.00 
149.00  60.00   114.00 
149.00  61.00   112.00 
148.00  60.00   114.00 
149.00  61.00   113.00 
150.00  59.00   112.00 
147.00  67.00   115.00 
147.00  64.00   116.00 
149.00  59.00   116.00 
152.00  58.00   118.00 
154.00  59.00   122.00 
151.00  56.00   119.00 
150.00  55.00   116.00 
154.00  61.00   118.00 
158.00  61.00   113.00 
161.00  65.00   106.00 
167.00  69.00   104.00 
167.00  71.00   100.00 
169.00  72.00   99.00  
170.00  68.00   98.00  
170.00  68.00   98.00  
170.00  68.00   97.00  
169.00  72.00   96.00  
172.00  68.00   97.00  
174.00  65.00   94.00  
158.00  56.00   122.00 
156.00  59.00   122.00 
156.00  58.00   123.00 
151.00  54.00   122.00 
149.00  57.00   121.00 
150.00  57.00   116.00 
151.00  60.00   110.00 
151.00  63.00   106.00 
151.00  62.00   107.00 
151.00  61.00   108.00 
151.00  63.00   106.00 
151.00  62.00   107.00 
151.00  61.00   108.00 
150.00  57.00   107.00 
150.00  58.00   105.00 
150.00  58.00   105.00 
150.00  63.00   109.00 
149.00  63.00   110.00 
149.00  63.00   110.00 
149.00  63.00   110.00 
149.00  63.00   109.00 
149.00  63.00   106.00 
149.00  63.00   110.00 
149.00  61.00   113.00 
149.00  61.00   113.00 
149.00  61.00   113.00 
149.00  60.00   114.00 
149.00  60.00   115.00 
149.00  59.00   117.00 
151.00  62.00   120.00 
153.00  59.00   122.00 
151.00  55.00   120.00 
155.00  61.00   118.00 
156.00  62.00   116.00 
161.00  63.00   110.00 
165.00  69.00   103.00 
167.00  71.00   101.00 
167.00  70.00   102.00 
170.00  69.00   100.00 
170.00  68.00   98.00  
170.00  67.00   99.00  
170.00  67.00   99.00  
170.00  68.00   98.00  
173.00  65.00   98.00  
173.00  67.00   95.00  
