24.00   178.00  201.00 
24.00   178.00  200.00 
24.00   176.00  203.00 
24.00   177.00  202.00 
24.00   176.00  203.00 
24.00   176.00  203.00 
24.00   178.00  201.00 
24.00   176.00  203.00 
24.00   176.00  203.00 
24.00   176.00  203.00 
24.00   177.00  202.00 
24.00   176.00  203.00 
24.00   175.00  204.00 
24.00   180.00  204.00 
24.00   182.00  202.00 
24.00   176.00  203.00 
24.00   178.00  202.00 
24.00   180.00  201.00 
24.00   179.00  202.00 
24.00   179.00  202.00 
24.00   180.00  201.00 
24.00   179.00  201.00 
24.00   180.00  201.00 
24.00   180.00  201.00 
24.00   179.00  202.00 
24.00   181.00  200.00 
24.00   181.00  202.00 
24.00   184.00  200.00 
24.00   184.00  200.00 
24.00   183.00  201.00 
24.00   184.00  200.00 
24.00   183.00  201.00 
24.00   179.00  201.00 
24.00   181.00  200.00 
23.00   181.00  202.00 
24.00   182.00  199.00 
24.00   179.00  202.00 
24.00   179.00  202.00 
24.00   182.00  199.00 
24.00   181.00  200.00 
24.00   178.00  201.00 
24.00   178.00  201.00 
24.00   177.00  202.00 
24.00   176.00  203.00 
24.00   175.00  204.00 
24.00   175.00  204.00 
24.00   178.00  201.00 
24.00   176.00  203.00 
24.00   175.00  204.00 
24.00   175.00  204.00 
24.00   175.00  204.00 
24.00   176.00  203.00 
24.00   175.00  204.00 
24.00   180.00  204.00 
24.00   181.00  202.00 
24.00   177.00  202.00 
24.00   178.00  202.00 
24.00   178.00  203.00 
24.00   178.00  203.00 
24.00   181.00  200.00 
24.00   179.00  202.00 
24.00   180.00  201.00 
23.00   180.00  201.00 
24.00   180.00  201.00 
24.00   180.00  201.00 
24.00   181.00  200.00 
24.00   181.00  202.00 
24.00   183.00  201.00 
24.00   184.00  200.00 
24.00   182.00  202.00 
24.00   183.00  201.00 
24.00   183.00  199.00 
24.00   181.00  200.00 
24.00   181.00  200.00 
24.00   180.00  201.00 
24.00   181.00  200.00 
24.00   180.00  201.00 
23.00   180.00  201.00 
24.00   181.00  200.00 
24.00   181.00  200.00 
24.00   177.00  200.00 
24.00   177.00  202.00 
24.00   178.00  201.00 
24.00   178.00  201.00 
24.00   176.00  203.00 
24.00   174.00  205.00 
23.00   175.00  204.00 
24.00   176.00  203.00 
24.00   174.00  205.00 
24.00   174.00  205.00 
23.00   174.00  205.00 
23.00   177.00  203.00 
24.00   176.00  203.00 
24.00   180.00  204.00 
24.00   179.00  205.00 
24.00   176.00  203.00 
24.00   176.00  204.00 
24.00   178.00  204.00 
24.00   178.00  204.00 
24.00   178.00  203.00 
24.00   178.00  203.00 
24.00   180.00  201.00 
24.00   178.00  203.00 
24.00   179.00  202.00 
24.00   179.00  202.00 
24.00   181.00  200.00 
24.00   179.00  202.00 
24.00   183.00  201.00 
24.00   181.00  201.00 
24.00   182.00  202.00 
24.00   183.00  201.00 
24.00   183.00  199.00 
24.00   181.00  200.00 
24.00   179.00  202.00 
24.00   179.00  202.00 
24.00   179.00  202.00 
24.00   180.00  201.00 
23.00   178.00  203.00 
24.00   181.00  200.00 
24.00   180.00  201.00 
24.00   177.00  202.00 
24.00   178.00  200.00 
24.00   177.00  202.00 
24.00   177.00  202.00 
24.00   176.00  203.00 
24.00   176.00  203.00 
24.00   176.00  203.00 
23.00   175.00  204.00 
23.00   175.00  204.00 
24.00   175.00  204.00 
24.00   175.00  204.00 
24.00   176.00  203.00 
23.00   174.00  205.00 
24.00   181.00  202.00 
24.00   181.00  203.00 
24.00   175.00  204.00 
24.00   176.00  204.00 
24.00   178.00  204.00 
24.00   179.00  201.00 
24.00   180.00  201.00 
24.00   181.00  200.00 
23.00   181.00  202.00 
24.00   179.00  202.00 
24.00   179.00  202.00 
24.00   179.00  202.00 
24.00   178.00  202.00 
24.00   179.00  204.00 
24.00   183.00  201.00 
24.00   185.00  199.00 
24.00   185.00  199.00 
24.00   184.00  200.00 
24.00   183.00  201.00 
24.00   183.00  201.00 
24.00   184.00  200.00 
24.00   184.00  200.00 
24.00   185.00  199.00 
24.00   182.00  202.00 
24.00   181.00  203.00 
24.00   183.00  201.00 
24.00   184.00  200.00 
24.00   175.00  204.00 
24.00   178.00  201.00 
24.00   176.00  203.00 
24.00   176.00  203.00 
24.00   176.00  203.00 
24.00   175.00  204.00 
24.00   177.00  202.00 
24.00   176.00  203.00 
24.00   176.00  203.00 
24.00   175.00  204.00 
23.00   176.00  203.00 
24.00   176.00  203.00 
24.00   175.00  204.00 
24.00   181.00  203.00 
24.00   181.00  203.00 
24.00   175.00  204.00 
24.00   176.00  203.00 
24.00   178.00  203.00 
24.00   180.00  201.00 
24.00   180.00  201.00 
24.00   182.00  199.00 
24.00   179.00  202.00 
23.00   178.00  203.00 
24.00   178.00  203.00 
24.00   180.00  201.00 
24.00   179.00  202.00 
24.00   181.00  202.00 
24.00   184.00  200.00 
24.00   185.00  199.00 
24.00   184.00  200.00 
24.00   183.00  201.00 
24.00   183.00  201.00 
24.00   184.00  200.00 
24.00   183.00  201.00 
24.00   183.00  201.00 
24.00   184.00  200.00 
24.00   181.00  203.00 
24.00   183.00  201.00 
24.00   183.00  201.00 
24.00   184.00  200.00 
24.00   177.00  202.00 
24.00   177.00  202.00 
24.00   176.00  203.00 
24.00   176.00  203.00 
24.00   175.00  204.00 
24.00   177.00  202.00 
24.00   175.00  204.00 
24.00   178.00  202.00 
24.00   177.00  203.00 
24.00   177.00  203.00 
23.00   178.00  204.00 
24.00   177.00  203.00 
24.00   176.00  204.00 
24.00   178.00  203.00 
23.00   179.00  204.00 
24.00   176.00  204.00 
24.00   177.00  203.00 
24.00   178.00  203.00 
24.00   178.00  203.00 
24.00   181.00  201.00 
24.00   182.00  200.00 
24.00   180.00  201.00 
23.00   178.00  204.00 
24.00   178.00  204.00 
24.00   179.00  202.00 
24.00   178.00  203.00 
24.00   180.00  203.00 
24.00   181.00  203.00 
24.00   184.00  200.00 
24.00   183.00  201.00 
24.00   182.00  202.00 
24.00   184.00  200.00 
24.00   184.00  200.00 
24.00   184.00  200.00 
24.00   182.00  202.00 
24.00   184.00  200.00 
24.00   183.00  201.00 
23.00   181.00  201.00 
24.00   182.00  200.00 
24.00   183.00  199.00 
24.00   176.00  203.00 
24.00   175.00  204.00 
24.00   174.00  205.00 
24.00   176.00  203.00 
24.00   177.00  202.00 
24.00   177.00  202.00 
24.00   176.00  204.00 
24.00   178.00  203.00 
24.00   178.00  203.00 
24.00   178.00  203.00 
24.00   178.00  204.00 
23.00   180.00  203.00 
24.00   178.00  204.00 
24.00   178.00  204.00 
24.00   178.00  204.00 
24.00   178.00  204.00 
24.00   178.00  203.00 
24.00   178.00  203.00 
24.00   179.00  202.00 
24.00   185.00  199.00 
24.00   185.00  198.00 
24.00   182.00  200.00 
24.00   180.00  201.00 
24.00   178.00  203.00 
24.00   178.00  203.00 
24.00   178.00  203.00 
24.00   180.00  203.00 
24.00   181.00  203.00 
24.00   182.00  202.00 
24.00   182.00  202.00 
24.00   181.00  203.00 
24.00   184.00  200.00 
24.00   184.00  200.00 
24.00   183.00  201.00 
24.00   184.00  200.00 
24.00   182.00  202.00 
24.00   184.00  200.00 
24.00   181.00  200.00 
23.00   182.00  200.00 
24.00   182.00  199.00 
24.00   176.00  203.00 
24.00   174.00  205.00 
24.00   175.00  204.00 
24.00   175.00  204.00 
24.00   174.00  205.00 
24.00   173.00  205.00 
23.00   178.00  203.00 
23.00   180.00  203.00 
24.00   178.00  204.00 
24.00   178.00  203.00 
24.00   178.00  204.00 
24.00   178.00  203.00 
24.00   177.00  205.00 
24.00   178.00  204.00 
24.00   177.00  205.00 
24.00   177.00  205.00 
24.00   177.00  205.00 
24.00   178.00  203.00 
24.00   180.00  201.00 
24.00   185.00  199.00 
24.00   185.00  198.00 
24.00   182.00  200.00 
23.00   181.00  202.00 
24.00   178.00  204.00 
24.00   178.00  203.00 
24.00   177.00  205.00 
24.00   179.00  204.00 
24.00   181.00  203.00 
24.00   181.00  204.00 
24.00   181.00  203.00 
24.00   182.00  202.00 
24.00   183.00  201.00 
24.00   183.00  201.00 
24.00   183.00  201.00 
24.00   184.00  200.00 
24.00   183.00  201.00 
24.00   182.00  200.00 
24.00   181.00  202.00 
24.00   181.00  202.00 
24.00   182.00  199.00 
24.00   176.00  203.00 
24.00   176.00  203.00 
24.00   177.00  202.00 
24.00   176.00  203.00 
24.00   174.00  205.00 
24.00   176.00  203.00 
24.00   176.00  204.00 
24.00   178.00  203.00 
24.00   178.00  203.00 
24.00   178.00  204.00 
24.00   177.00  205.00 
24.00   178.00  204.00 
24.00   178.00  204.00 
24.00   177.00  205.00 
24.00   177.00  205.00 
24.00   178.00  204.00 
23.00   178.00  205.00 
24.00   178.00  203.00 
24.00   179.00  202.00 
24.00   184.00  200.00 
24.00   184.00  200.00 
24.00   181.00  202.00 
24.00   177.00  205.00 
24.00   178.00  204.00 
24.00   179.00  202.00 
24.00   178.00  204.00 
24.00   179.00  204.00 
24.00   181.00  203.00 
24.00   181.00  203.00 
24.00   180.00  204.00 
24.00   182.00  202.00 
24.00   182.00  202.00 
24.00   183.00  202.00 
24.00   183.00  201.00 
24.00   183.00  201.00 
24.00   185.00  199.00 
24.00   182.00  200.00 
24.00   180.00  201.00 
24.00   180.00  201.00 
23.00   181.00  200.00 
24.00   176.00  203.00 
24.00   176.00  203.00 
23.00   175.00  204.00 
24.00   175.00  204.00 
24.00   175.00  204.00 
24.00   175.00  204.00 
24.00   178.00  203.00 
24.00   178.00  204.00 
24.00   179.00  202.00 
24.00   178.00  204.00 
23.00   178.00  205.00 
24.00   178.00  203.00 
24.00   179.00  202.00 
24.00   178.00  203.00 
24.00   178.00  203.00 
24.00   177.00  205.00 
24.00   177.00  205.00 
24.00   178.00  204.00 
24.00   178.00  203.00 
24.00   182.00  202.00 
24.00   181.00  203.00 
24.00   180.00  203.00 
24.00   178.00  203.00 
24.00   177.00  205.00 
24.00   177.00  205.00 
24.00   177.00  205.00 
24.00   178.00  205.00 
24.00   180.00  204.00 
24.00   181.00  203.00 
24.00   181.00  203.00 
24.00   181.00  203.00 
24.00   182.00  202.00 
24.00   182.00  202.00 
24.00   185.00  199.00 
24.00   184.00  200.00 
24.00   184.00  200.00 
24.00   183.00  199.00 
24.00   180.00  201.00 
24.00   181.00  200.00 
24.00   182.00  198.00 
24.00   175.00  203.00 
24.00   175.00  204.00 
24.00   175.00  204.00 
24.00   175.00  204.00 
24.00   175.00  204.00 
24.00   175.00  204.00 
24.00   176.00  204.00 
24.00   178.00  204.00 
24.00   178.00  204.00 
24.00   178.00  203.00 
24.00   178.00  204.00 
24.00   178.00  203.00 
24.00   179.00  202.00 
24.00   178.00  203.00 
24.00   178.00  203.00 
24.00   176.00  204.00 
24.00   177.00  205.00 
23.00   176.00  206.00 
24.00   178.00  204.00 
24.00   180.00  204.00 
24.00   181.00  203.00 
24.00   179.00  204.00 
24.00   178.00  203.00 
24.00   177.00  205.00 
24.00   178.00  204.00 
24.00   178.00  203.00 
24.00   178.00  204.00 
24.00   179.00  205.00 
24.00   181.00  203.00 
24.00   181.00  203.00 
24.00   180.00  204.00 
24.00   182.00  202.00 
24.00   181.00  203.00 
24.00   183.00  201.00 
24.00   183.00  201.00 
24.00   185.00  199.00 
24.00   184.00  198.00 
24.00   180.00  201.00 
24.00   181.00  200.00 
24.00   181.00  200.00 
24.00   176.00  203.00 
24.00   176.00  203.00 
24.00   176.00  203.00 
24.00   175.00  204.00 
24.00   176.00  203.00 
24.00   176.00  203.00 
24.00   175.00  205.00 
24.00   179.00  202.00 
24.00   178.00  204.00 
24.00   176.00  206.00 
24.00   176.00  206.00 
24.00   178.00  203.00 
24.00   178.00  203.00 
24.00   178.00  204.00 
24.00   178.00  203.00 
24.00   176.00  206.00 
24.00   177.00  205.00 
24.00   178.00  204.00 
24.00   177.00  205.00 
24.00   182.00  202.00 
24.00   179.00  205.00 
24.00   179.00  205.00 
24.00   178.00  203.00 
24.00   177.00  205.00 
24.00   178.00  204.00 
24.00   176.00  206.00 
24.00   180.00  204.00 
24.00   181.00  203.00 
24.00   181.00  203.00 
24.00   180.00  204.00 
24.00   180.00  204.00 
24.00   181.00  203.00 
24.00   181.00  203.00 
24.00   184.00  201.00 
24.00   183.00  201.00 
24.00   184.00  200.00 
24.00   184.00  200.00 
24.00   180.00  201.00 
24.00   181.00  200.00 
24.00   179.00  202.00 
24.00   177.00  202.00 
24.00   178.00  204.00 
24.00   178.00  204.00 
24.00   178.00  203.00 
24.00   178.00  204.00 
24.00   179.00  202.00 
24.00   178.00  203.00 
24.00   178.00  204.00 
24.00   178.00  203.00 
24.00   178.00  204.00 
23.00   178.00  205.00 
24.00   178.00  203.00 
24.00   178.00  204.00 
24.00   178.00  203.00 
24.00   178.00  203.00 
24.00   177.00  205.00 
24.00   178.00  204.00 
23.00   179.00  204.00 
24.00   180.00  204.00 
24.00   181.00  203.00 
24.00   178.00  204.00 
24.00   178.00  204.00 
24.00   178.00  203.00 
24.00   180.00  204.00 
24.00   182.00  202.00 
24.00   180.00  204.00 
24.00   182.00  205.00 
24.00   180.00  204.00 
24.00   180.00  204.00 
24.00   180.00  204.00 
24.00   181.00  203.00 
24.00   179.00  204.00 
24.00   178.00  203.00 
24.00   181.00  201.00 
24.00   182.00  202.00 
24.00   185.00  201.00 
24.00   186.00  200.00 
24.00   185.00  201.00 
24.00   184.00  200.00 
24.00   183.00  199.00 
24.00   177.00  202.00 
24.00   178.00  202.00 
24.00   178.00  203.00 
24.00   178.00  204.00 
24.00   178.00  204.00 
23.00   178.00  203.00 
24.00   178.00  203.00 
24.00   178.00  203.00 
24.00   178.00  203.00 
24.00   179.00  202.00 
24.00   178.00  203.00 
24.00   179.00  202.00 
24.00   178.00  203.00 
24.00   177.00  205.00 
24.00   178.00  204.00 
24.00   178.00  204.00 
24.00   178.00  203.00 
24.00   178.00  203.00 
24.00   181.00  203.00 
24.00   181.00  203.00 
24.00   178.00  203.00 
24.00   177.00  205.00 
24.00   177.00  205.00 
24.00   181.00  202.00 
24.00   181.00  203.00 
24.00   180.00  204.00 
24.00   183.00  204.00 
24.00   179.00  204.00 
24.00   179.00  205.00 
24.00   181.00  203.00 
24.00   180.00  204.00 
24.00   179.00  204.00 
24.00   177.00  205.00 
24.00   182.00  202.00 
24.00   182.00  202.00 
24.00   182.00  202.00 
24.00   185.00  199.00 
24.00   183.00  201.00 
24.00   185.00  199.00 
24.00   182.00  202.00 
24.00   177.00  202.00 
24.00   178.00  202.00 
24.00   178.00  203.00 
24.00   178.00  204.00 
24.00   178.00  204.00 
24.00   179.00  202.00 
24.00   178.00  204.00 
24.00   179.00  202.00 
24.00   178.00  203.00 
24.00   178.00  203.00 
24.00   178.00  204.00 
24.00   178.00  203.00 
24.00   178.00  204.00 
24.00   178.00  204.00 
24.00   177.00  205.00 
24.00   178.00  204.00 
24.00   177.00  205.00 
24.00   178.00  204.00 
24.00   179.00  205.00 
24.00   181.00  203.00 
24.00   178.00  204.00 
24.00   178.00  204.00 
24.00   179.00  202.00 
24.00   181.00  203.00 
24.00   180.00  204.00 
24.00   182.00  202.00 
24.00   182.00  205.00 
24.00   181.00  202.00 
24.00   182.00  202.00 
24.00   181.00  203.00 
24.00   180.00  204.00 
24.00   182.00  202.00 
24.00   183.00  201.00 
24.00   182.00  202.00 
24.00   182.00  202.00 
24.00   180.00  204.00 
24.00   182.00  202.00 
24.00   182.00  202.00 
24.00   186.00  200.00 
24.00   185.00  199.00 
24.00   177.00  202.00 
24.00   177.00  203.00 
24.00   179.00  202.00 
24.00   179.00  202.00 
24.00   177.00  205.00 
24.00   178.00  203.00 
24.00   179.00  202.00 
24.00   180.00  201.00 
24.00   178.00  204.00 
24.00   178.00  203.00 
24.00   178.00  204.00 
24.00   178.00  203.00 
24.00   178.00  203.00 
24.00   177.00  205.00 
24.00   177.00  205.00 
24.00   176.00  204.00 
24.00   178.00  204.00 
24.00   178.00  204.00 
24.00   179.00  205.00 
24.00   180.00  204.00 
24.00   178.00  204.00 
24.00   177.00  205.00 
24.00   178.00  204.00 
24.00   180.00  204.00 
24.00   178.00  206.00 
24.00   180.00  204.00 
24.00   181.00  204.00 
24.00   180.00  204.00 
24.00   182.00  202.00 
24.00   181.00  203.00 
24.00   180.00  204.00 
24.00   181.00  203.00 
24.00   181.00  203.00 
24.00   181.00  203.00 
24.00   182.00  202.00 
24.00   182.00  202.00 
24.00   183.00  201.00 
24.00   182.00  202.00 
24.00   186.00  200.00 
24.00   187.00  199.00 
24.00   176.00  203.00 
23.00   179.00  202.00 
24.00   179.00  202.00 
24.00   179.00  202.00 
24.00   178.00  203.00 
24.00   178.00  203.00 
24.00   179.00  202.00 
23.00   181.00  202.00 
24.00   178.00  203.00 
24.00   178.00  203.00 
24.00   178.00  204.00 
24.00   176.00  204.00 
23.00   177.00  205.00 
24.00   177.00  205.00 
24.00   178.00  204.00 
24.00   178.00  203.00 
24.00   178.00  204.00 
24.00   177.00  205.00 
24.00   179.00  205.00 
24.00   181.00  203.00 
24.00   178.00  203.00 
23.00   178.00  204.00 
24.00   177.00  205.00 
24.00   180.00  203.00 
24.00   178.00  206.00 
24.00   179.00  205.00 
24.00   181.00  206.00 
24.00   182.00  205.00 
24.00   182.00  205.00 
24.00   183.00  204.00 
24.00   183.00  203.00 
24.00   183.00  203.00 
24.00   181.00  204.00 
24.00   180.00  204.00 
24.00   181.00  203.00 
24.00   179.00  202.00 
24.00   178.00  203.00 
24.00   181.00  203.00 
24.00   186.00  201.00 
24.00   186.00  200.00 
24.00   176.00  203.00 
24.00   178.00  203.00 
24.00   178.00  204.00 
24.00   180.00  201.00 
24.00   178.00  203.00 
24.00   178.00  203.00 
24.00   179.00  202.00 
24.00   178.00  203.00 
24.00   178.00  203.00 
24.00   178.00  203.00 
24.00   178.00  204.00 
24.00   178.00  204.00 
23.00   177.00  205.00 
24.00   176.00  206.00 
24.00   178.00  204.00 
24.00   178.00  204.00 
24.00   178.00  203.00 
24.00   178.00  204.00 
24.00   179.00  205.00 
24.00   179.00  205.00 
24.00   178.00  204.00 
24.00   178.00  204.00 
24.00   177.00  205.00 
24.00   179.00  204.00 
24.00   181.00  203.00 
24.00   181.00  203.00 
24.00   182.00  205.00 
24.00   182.00  205.00 
24.00   183.00  204.00 
24.00   183.00  203.00 
24.00   184.00  202.00 
24.00   183.00  203.00 
24.00   183.00  203.00 
24.00   181.00  203.00 
24.00   180.00  204.00 
24.00   178.00  203.00 
24.00   177.00  205.00 
24.00   182.00  202.00 
24.00   186.00  201.00 
24.00   190.00  197.00 
24.00   175.00  204.00 
23.00   178.00  203.00 
24.00   177.00  205.00 
24.00   178.00  204.00 
24.00   178.00  203.00 
24.00   178.00  203.00 
24.00   178.00  203.00 
24.00   178.00  203.00 
24.00   178.00  203.00 
24.00   178.00  203.00 
24.00   178.00  203.00 
24.00   178.00  204.00 
24.00   177.00  205.00 
24.00   177.00  205.00 
23.00   177.00  206.00 
24.00   177.00  205.00 
24.00   179.00  204.00 
24.00   180.00  204.00 
24.00   181.00  203.00 
24.00   181.00  203.00 
24.00   180.00  204.00 
24.00   179.00  204.00 
24.00   178.00  204.00 
24.00   177.00  205.00 
24.00   181.00  203.00 
24.00   180.00  204.00 
24.00   180.00  204.00 
24.00   180.00  204.00 
24.00   181.00  203.00 
24.00   181.00  203.00 
24.00   182.00  202.00 
24.00   183.00  201.00 
24.00   183.00  203.00 
24.00   179.00  204.00 
24.00   178.00  203.00 
24.00   181.00  203.00 
24.00   180.00  204.00 
23.00   180.00  203.00 
24.00   184.00  200.00 
24.00   184.00  198.00 
24.00   175.00  204.00 
24.00   176.00  204.00 
24.00   177.00  205.00 
24.00   178.00  203.00 
24.00   178.00  203.00 
24.00   178.00  204.00 
24.00   178.00  204.00 
24.00   178.00  203.00 
24.00   178.00  203.00 
24.00   178.00  204.00 
24.00   178.00  204.00 
24.00   178.00  204.00 
24.00   178.00  204.00 
24.00   177.00  205.00 
24.00   175.00  207.00 
24.00   177.00  205.00 
24.00   179.00  204.00 
24.00   181.00  203.00 
24.00   182.00  202.00 
24.00   180.00  204.00 
24.00   180.00  204.00 
24.00   179.00  204.00 
24.00   177.00  205.00 
24.00   179.00  205.00 
24.00   181.00  203.00 
24.00   181.00  203.00 
24.00   183.00  202.00 
24.00   180.00  204.00 
24.00   181.00  203.00 
24.00   181.00  203.00 
24.00   183.00  201.00 
24.00   182.00  202.00 
24.00   184.00  202.00 
24.00   181.00  202.00 
24.00   178.00  203.00 
24.00   179.00  205.00 
24.00   180.00  204.00 
24.00   183.00  202.00 
24.00   184.00  200.00 
24.00   181.00  200.00 
24.00   175.00  204.00 
24.00   175.00  204.00 
24.00   176.00  204.00 
24.00   176.00  204.00 
24.00   176.00  204.00 
24.00   176.00  204.00 
24.00   175.00  205.00 
24.00   177.00  205.00 
24.00   177.00  205.00 
24.00   177.00  205.00 
24.00   177.00  205.00 
24.00   177.00  205.00 
24.00   177.00  205.00 
24.00   177.00  205.00 
24.00   177.00  205.00 
24.00   177.00  205.00 
24.00   178.00  205.00 
24.00   180.00  204.00 
24.00   180.00  204.00 
24.00   180.00  204.00 
24.00   179.00  205.00 
24.00   179.00  204.00 
24.00   178.00  205.00 
24.00   180.00  204.00 
24.00   180.00  204.00 
24.00   183.00  203.00 
24.00   183.00  203.00 
24.00   181.00  203.00 
24.00   180.00  204.00 
24.00   180.00  204.00 
24.00   180.00  204.00 
24.00   182.00  202.00 
24.00   184.00  202.00 
24.00   181.00  202.00 
24.00   179.00  202.00 
24.00   181.00  203.00 
24.00   183.00  202.00 
24.00   185.00  201.00 
24.00   185.00  199.00 
24.00   183.00  198.00 
24.00   176.00  203.00 
24.00   174.00  205.00 
24.00   175.00  204.00 
24.00   175.00  204.00 
24.00   176.00  203.00 
24.00   175.00  204.00 
24.00   175.00  205.00 
24.00   177.00  205.00 
24.00   175.00  207.00 
24.00   176.00  206.00 
24.00   177.00  205.00 
23.00   178.00  205.00 
23.00   176.00  207.00 
24.00   178.00  204.00 
24.00   178.00  204.00 
24.00   176.00  206.00 
24.00   180.00  203.00 
24.00   180.00  204.00 
24.00   181.00  203.00 
24.00   180.00  204.00 
24.00   180.00  204.00 
24.00   178.00  206.00 
24.00   180.00  204.00 
24.00   182.00  202.00 
24.00   183.00  203.00 
24.00   183.00  203.00 
24.00   182.00  203.00 
24.00   182.00  202.00 
24.00   180.00  204.00 
24.00   179.00  205.00 
24.00   179.00  205.00 
24.00   182.00  203.00 
24.00   183.00  203.00 
24.00   179.00  204.00 
24.00   178.00  204.00 
24.00   182.00  202.00 
24.00   183.00  201.00 
24.00   184.00  202.00 
24.00   186.00  199.00 
24.00   184.00  197.00 
24.00   175.00  204.00 
24.00   177.00  202.00 
24.00   176.00  203.00 
24.00   175.00  204.00 
24.00   174.00  205.00 
23.00   173.00  206.00 
24.00   175.00  205.00 
24.00   178.00  203.00 
24.00   178.00  203.00 
24.00   176.00  206.00 
24.00   178.00  204.00 
24.00   177.00  205.00 
24.00   176.00  206.00 
24.00   176.00  206.00 
24.00   176.00  206.00 
24.00   177.00  205.00 
24.00   178.00  205.00 
24.00   181.00  203.00 
24.00   181.00  203.00 
24.00   181.00  203.00 
24.00   180.00  204.00 
24.00   181.00  203.00 
24.00   180.00  204.00 
24.00   183.00  203.00 
24.00   183.00  204.00 
24.00   184.00  202.00 
24.00   184.00  201.00 
24.00   183.00  201.00 
24.00   180.00  204.00 
24.00   181.00  203.00 
24.00   182.00  202.00 
24.00   181.00  204.00 
24.00   183.00  204.00 
24.00   179.00  204.00 
24.00   178.00  203.00 
24.00   179.00  205.00 
24.00   182.00  202.00 
24.00   185.00  201.00 
24.00   186.00  199.00 
24.00   183.00  198.00 
24.00   176.00  203.00 
24.00   177.00  202.00 
24.00   175.00  204.00 
24.00   175.00  204.00 
24.00   173.00  206.00 
24.00   174.00  205.00 
24.00   176.00  204.00 
24.00   178.00  203.00 
24.00   178.00  204.00 
23.00   177.00  205.00 
24.00   178.00  204.00 
24.00   176.00  204.00 
24.00   177.00  205.00 
24.00   177.00  205.00 
24.00   177.00  205.00 
24.00   178.00  204.00 
24.00   179.00  204.00 
24.00   180.00  204.00 
24.00   180.00  204.00 
24.00   181.00  203.00 
24.00   181.00  203.00 
24.00   180.00  204.00 
24.00   179.00  205.00 
24.00   183.00  204.00 
24.00   182.00  203.00 
24.00   183.00  203.00 
24.00   184.00  202.00 
24.00   182.00  202.00 
24.00   181.00  203.00 
24.00   179.00  205.00 
24.00   181.00  203.00 
24.00   181.00  203.00 
24.00   182.00  203.00 
24.00   180.00  203.00 
24.00   179.00  202.00 
24.00   179.00  205.00 
24.00   180.00  204.00 
24.00   181.00  202.00 
24.00   183.00  201.00 
24.00   183.00  198.00 
24.00   177.00  202.00 
24.00   174.00  205.00 
24.00   174.00  205.00 
24.00   174.00  205.00 
24.00   175.00  204.00 
24.00   176.00  203.00 
24.00   175.00  205.00 
24.00   177.00  205.00 
24.00   177.00  205.00 
24.00   177.00  205.00 
24.00   178.00  204.00 
24.00   178.00  204.00 
24.00   177.00  205.00 
24.00   177.00  205.00 
24.00   178.00  204.00 
24.00   178.00  204.00 
24.00   180.00  203.00 
24.00   181.00  203.00 
24.00   181.00  203.00 
24.00   180.00  204.00 
24.00   180.00  204.00 
24.00   179.00  205.00 
24.00   182.00  202.00 
24.00   180.00  204.00 
24.00   180.00  204.00 
24.00   183.00  203.00 
24.00   184.00  202.00 
24.00   182.00  202.00 
24.00   181.00  203.00 
24.00   179.00  205.00 
24.00   179.00  205.00 
24.00   179.00  205.00 
24.00   181.00  203.00 
24.00   182.00  202.00 
24.00   178.00  203.00 
24.00   178.00  203.00 
23.00   178.00  204.00 
23.00   183.00  201.00 
24.00   185.00  199.00 
24.00   181.00  200.00 
24.00   175.00  204.00 
24.00   175.00  204.00 
24.00   174.00  205.00 
24.00   174.00  205.00 
23.00   174.00  205.00 
24.00   173.00  206.00 
24.00   176.00  204.00 
24.00   178.00  204.00 
24.00   178.00  204.00 
24.00   177.00  205.00 
24.00   177.00  205.00 
24.00   176.00  206.00 
23.00   180.00  203.00 
24.00   176.00  206.00 
24.00   177.00  205.00 
24.00   178.00  204.00 
24.00   178.00  205.00 
24.00   181.00  203.00 
24.00   181.00  203.00 
24.00   181.00  203.00 
24.00   181.00  203.00 
24.00   180.00  204.00 
24.00   182.00  202.00 
24.00   182.00  202.00 
24.00   180.00  203.00 
24.00   183.00  203.00 
24.00   181.00  204.00 
24.00   180.00  204.00 
24.00   182.00  203.00 
24.00   181.00  203.00 
24.00   181.00  203.00 
24.00   180.00  204.00 
24.00   180.00  204.00 
24.00   181.00  203.00 
24.00   178.00  203.00 
23.00   180.00  203.00 
24.00   179.00  202.00 
23.00   181.00  204.00 
24.00   183.00  201.00 
24.00   180.00  201.00 
24.00   174.00  205.00 
24.00   174.00  205.00 
24.00   174.00  205.00 
24.00   176.00  203.00 
24.00   175.00  204.00 
24.00   174.00  205.00 
24.00   175.00  205.00 
24.00   177.00  205.00 
24.00   177.00  205.00 
24.00   177.00  205.00 
24.00   177.00  205.00 
24.00   176.00  206.00 
24.00   178.00  203.00 
24.00   177.00  205.00 
24.00   175.00  207.00 
24.00   178.00  204.00 
24.00   178.00  203.00 
24.00   181.00  203.00 
24.00   182.00  202.00 
24.00   181.00  203.00 
24.00   179.00  205.00 
24.00   180.00  204.00 
24.00   182.00  202.00 
24.00   181.00  203.00 
24.00   181.00  203.00 
24.00   184.00  202.00 
24.00   183.00  204.00 
24.00   181.00  203.00 
24.00   182.00  202.00 
24.00   180.00  204.00 
24.00   180.00  204.00 
24.00   180.00  204.00 
24.00   180.00  204.00 
24.00   180.00  204.00 
24.00   178.00  203.00 
24.00   178.00  203.00 
24.00   179.00  202.00 
23.00   183.00  203.00 
24.00   185.00  200.00 
24.00   184.00  197.00 
24.00   173.00  206.00 
24.00   175.00  204.00 
24.00   175.00  204.00 
24.00   175.00  204.00 
23.00   174.00  205.00 
24.00   175.00  204.00 
24.00   175.00  205.00 
24.00   177.00  205.00 
23.00   178.00  205.00 
24.00   178.00  204.00 
24.00   177.00  205.00 
24.00   177.00  205.00 
24.00   177.00  205.00 
24.00   178.00  204.00 
24.00   178.00  204.00 
24.00   178.00  204.00 
24.00   179.00  204.00 
24.00   179.00  205.00 
24.00   179.00  205.00 
24.00   180.00  204.00 
24.00   179.00  205.00 
24.00   180.00  204.00 
24.00   181.00  203.00 
24.00   180.00  204.00 
24.00   180.00  204.00 
24.00   183.00  202.00 
24.00   181.00  204.00 
24.00   180.00  204.00 
24.00   180.00  204.00 
24.00   181.00  203.00 
24.00   181.00  203.00 
24.00   182.00  202.00 
24.00   180.00  204.00 
24.00   181.00  203.00 
24.00   178.00  203.00 
24.00   179.00  202.00 
24.00   178.00  204.00 
23.00   182.00  203.00 
24.00   186.00  200.00 
24.00   180.00  198.00 
24.00   175.00  204.00 
24.00   178.00  202.00 
24.00   178.00  204.00 
24.00   176.00  206.00 
23.00   176.00  206.00 
24.00   177.00  205.00 
24.00   178.00  204.00 
24.00   176.00  204.00 
24.00   177.00  205.00 
24.00   177.00  205.00 
24.00   178.00  203.00 
24.00   176.00  206.00 
24.00   177.00  205.00 
24.00   177.00  205.00 
24.00   176.00  206.00 
24.00   177.00  205.00 
24.00   180.00  203.00 
24.00   181.00  203.00 
24.00   181.00  203.00 
24.00   179.00  205.00 
24.00   180.00  204.00 
24.00   183.00  201.00 
24.00   179.00  205.00 
24.00   181.00  203.00 
24.00   182.00  202.00 
24.00   183.00  203.00 
24.00   183.00  203.00 
24.00   183.00  201.00 
24.00   181.00  203.00 
24.00   183.00  201.00 
24.00   182.00  202.00 
24.00   181.00  203.00 
24.00   180.00  204.00 
24.00   181.00  203.00 
24.00   178.00  204.00 
24.00   178.00  203.00 
23.00   178.00  204.00 
23.00   184.00  201.00 
24.00   188.00  198.00 
24.00   182.00  198.00 
24.00   175.00  204.00 
24.00   177.00  203.00 
24.00   178.00  204.00 
24.00   178.00  204.00 
24.00   179.00  202.00 
24.00   178.00  204.00 
24.00   178.00  204.00 
24.00   178.00  204.00 
24.00   178.00  203.00 
24.00   178.00  204.00 
24.00   178.00  204.00 
24.00   177.00  205.00 
24.00   177.00  205.00 
24.00   177.00  205.00 
24.00   176.00  206.00 
24.00   177.00  205.00 
24.00   180.00  203.00 
24.00   181.00  203.00 
24.00   181.00  203.00 
24.00   181.00  203.00 
24.00   180.00  204.00 
24.00   182.00  202.00 
24.00   179.00  205.00 
24.00   181.00  203.00 
24.00   180.00  204.00 
24.00   183.00  203.00 
24.00   183.00  203.00 
24.00   183.00  201.00 
24.00   180.00  204.00 
24.00   181.00  203.00 
24.00   181.00  203.00 
24.00   181.00  203.00 
24.00   181.00  203.00 
24.00   181.00  203.00 
24.00   178.00  203.00 
24.00   178.00  204.00 
24.00   179.00  202.00 
23.00   184.00  202.00 
24.00   190.00  197.00 
24.00   184.00  195.00 
24.00   174.00  205.00 
24.00   176.00  204.00 
24.00   178.00  204.00 
24.00   178.00  204.00 
24.00   178.00  204.00 
24.00   178.00  203.00 
24.00   179.00  202.00 
24.00   178.00  204.00 
24.00   177.00  205.00 
24.00   178.00  204.00 
24.00   178.00  204.00 
24.00   178.00  204.00 
24.00   177.00  205.00 
24.00   176.00  206.00 
24.00   177.00  205.00 
24.00   178.00  204.00 
24.00   179.00  204.00 
24.00   180.00  204.00 
24.00   179.00  205.00 
24.00   179.00  205.00 
24.00   180.00  204.00 
24.00   181.00  203.00 
24.00   181.00  203.00 
24.00   180.00  204.00 
24.00   179.00  205.00 
24.00   183.00  204.00 
24.00   180.00  205.00 
24.00   183.00  202.00 
24.00   180.00  205.00 
24.00   180.00  204.00 
24.00   179.00  206.00 
24.00   182.00  202.00 
24.00   182.00  202.00 
24.00   180.00  205.00 
23.00   180.00  203.00 
24.00   179.00  204.00 
23.00   180.00  201.00 
23.00   183.00  203.00 
24.00   190.00  197.00 
24.00   184.00  194.00 
24.00   173.00  206.00 
24.00   175.00  204.00 
24.00   175.00  204.00 
24.00   175.00  204.00 
24.00   175.00  204.00 
24.00   176.00  203.00 
24.00   178.00  204.00 
24.00   177.00  205.00 
24.00   177.00  205.00 
24.00   177.00  205.00 
24.00   177.00  205.00 
24.00   178.00  204.00 
24.00   178.00  203.00 
24.00   178.00  204.00 
24.00   177.00  205.00 
24.00   178.00  204.00 
24.00   179.00  204.00 
24.00   180.00  204.00 
24.00   180.00  204.00 
24.00   181.00  203.00 
24.00   180.00  204.00 
24.00   180.00  204.00 
23.00   181.00  204.00 
23.00   181.00  204.00 
23.00   180.00  205.00 
24.00   183.00  205.00 
24.00   184.00  204.00 
24.00   185.00  203.00 
24.00   183.00  205.00 
24.00   182.00  206.00 
24.00   185.00  203.00 
24.00   185.00  203.00 
24.00   186.00  203.00 
24.00   182.00  206.00 
24.00   182.00  205.00 
23.00   179.00  206.00 
23.00   180.00  204.00 
24.00   185.00  201.00 
24.00   189.00  197.00 
23.00   184.00  194.00 
24.00   176.00  203.00 
24.00   176.00  203.00 
24.00   175.00  204.00 
24.00   175.00  204.00 
24.00   175.00  204.00 
24.00   175.00  204.00 
24.00   176.00  204.00 
24.00   177.00  205.00 
24.00   178.00  204.00 
23.00   177.00  205.00 
24.00   178.00  204.00 
24.00   178.00  204.00 
24.00   178.00  204.00 
24.00   178.00  203.00 
24.00   177.00  205.00 
24.00   178.00  204.00 
24.00   179.00  204.00 
24.00   180.00  204.00 
24.00   182.00  202.00 
24.00   182.00  202.00 
24.00   179.00  205.00 
24.00   179.00  205.00 
23.00   181.00  204.00 
23.00   180.00  205.00 
23.00   180.00  205.00 
24.00   185.00  203.00 
24.00   182.00  206.00 
24.00   185.00  203.00 
24.00   184.00  204.00 
24.00   185.00  204.00 
24.00   184.00  202.00 
24.00   183.00  204.00 
23.00   182.00  203.00 
24.00   183.00  204.00 
24.00   183.00  205.00 
24.00   184.00  204.00 
24.00   185.00  203.00 
24.00   186.00  201.00 
24.00   191.00  196.00 
23.00   186.00  192.00 
24.00   175.00  204.00 
23.00   174.00  205.00 
24.00   174.00  205.00 
24.00   176.00  203.00 
24.00   174.00  205.00 
24.00   175.00  204.00 
24.00   178.00  202.00 
24.00   178.00  203.00 
24.00   178.00  203.00 
24.00   177.00  205.00 
24.00   177.00  205.00 
23.00   179.00  204.00 
24.00   177.00  205.00 
24.00   178.00  204.00 
24.00   178.00  204.00 
24.00   178.00  204.00 
24.00   180.00  203.00 
24.00   178.00  206.00 
24.00   179.00  205.00 
24.00   181.00  203.00 
24.00   179.00  205.00 
24.00   179.00  206.00 
23.00   181.00  204.00 
23.00   180.00  205.00 
23.00   180.00  205.00 
24.00   182.00  206.00 
24.00   183.00  205.00 
24.00   185.00  203.00 
24.00   185.00  203.00 
24.00   183.00  205.00 
24.00   184.00  204.00 
23.00   183.00  203.00 
23.00   182.00  203.00 
23.00   181.00  204.00 
24.00   184.00  204.00 
24.00   186.00  203.00 
24.00   185.00  203.00 
24.00   189.00  200.00 
24.00   192.00  195.00 
23.00   187.00  191.00 
23.00   175.00  204.00 
24.00   175.00  205.00 
24.00   176.00  204.00 
24.00   176.00  204.00 
24.00   175.00  204.00 
24.00   176.00  204.00 
24.00   176.00  204.00 
24.00   178.00  203.00 
23.00   178.00  204.00 
24.00   178.00  204.00 
24.00   177.00  205.00 
24.00   178.00  204.00 
23.00   178.00  204.00 
24.00   177.00  205.00 
24.00   178.00  204.00 
24.00   178.00  203.00 
24.00   179.00  204.00 
24.00   180.00  204.00 
24.00   181.00  203.00 
24.00   181.00  203.00 
24.00   181.00  203.00 
24.00   178.00  206.00 
23.00   180.00  205.00 
23.00   180.00  205.00 
23.00   181.00  206.00 
24.00   183.00  205.00 
24.00   183.00  205.00 
24.00   185.00  203.00 
24.00   184.00  204.00 
24.00   184.00  204.00 
24.00   184.00  204.00 
23.00   186.00  202.00 
23.00   182.00  203.00 
23.00   183.00  204.00 
24.00   185.00  203.00 
24.00   186.00  202.00 
24.00   186.00  202.00 
24.00   187.00  200.00 
23.00   191.00  195.00 
23.00   185.00  189.00 
24.00   176.00  203.00 
24.00   176.00  204.00 
24.00   178.00  204.00 
24.00   178.00  203.00 
24.00   178.00  204.00 
24.00   177.00  205.00 
24.00   178.00  204.00 
24.00   178.00  204.00 
24.00   178.00  204.00 
24.00   177.00  205.00 
24.00   178.00  204.00 
24.00   178.00  204.00 
24.00   178.00  204.00 
24.00   178.00  204.00 
24.00   176.00  206.00 
24.00   178.00  204.00 
24.00   180.00  203.00 
24.00   181.00  203.00 
24.00   181.00  203.00 
24.00   182.00  202.00 
24.00   181.00  203.00 
24.00   180.00  205.00 
23.00   179.00  206.00 
23.00   180.00  205.00 
23.00   181.00  204.00 
24.00   186.00  202.00 
24.00   184.00  204.00 
24.00   185.00  203.00 
24.00   183.00  205.00 
24.00   183.00  205.00 
24.00   185.00  203.00 
24.00   186.00  202.00 
24.00   184.00  204.00 
24.00   185.00  203.00 
24.00   184.00  204.00 
23.00   181.00  204.00 
23.00   184.00  201.00 
23.00   184.00  201.00 
23.00   187.00  196.00 
23.00   185.00  185.00 
24.00   174.00  205.00 
24.00   176.00  204.00 
24.00   178.00  204.00 
24.00   178.00  203.00 
24.00   178.00  204.00 
23.00   178.00  205.00 
24.00   178.00  203.00 
24.00   178.00  204.00 
24.00   178.00  203.00 
24.00   178.00  204.00 
24.00   178.00  204.00 
24.00   178.00  203.00 
24.00   176.00  204.00 
23.00   179.00  204.00 
23.00   179.00  204.00 
24.00   178.00  204.00 
24.00   180.00  203.00 
24.00   180.00  204.00 
24.00   181.00  203.00 
24.00   182.00  202.00 
24.00   182.00  202.00 
24.00   180.00  204.00 
23.00   179.00  206.00 
23.00   179.00  206.00 
23.00   181.00  204.00 
24.00   184.00  202.00 
24.00   184.00  204.00 
24.00   184.00  204.00 
24.00   184.00  204.00 
24.00   184.00  204.00 
24.00   185.00  203.00 
24.00   185.00  203.00 
24.00   187.00  202.00 
24.00   184.00  204.00 
23.00   182.00  203.00 
23.00   184.00  201.00 
23.00   179.00  202.00 
23.00   182.00  200.00 
23.00   183.00  198.00 
23.00   178.00  188.00 
24.00   175.00  204.00 
24.00   175.00  204.00 
24.00   175.00  204.00 
24.00   175.00  204.00 
24.00   175.00  204.00 
24.00   174.00  205.00 
23.00   178.00  204.00 
23.00   180.00  203.00 
23.00   178.00  205.00 
23.00   178.00  205.00 
23.00   179.00  204.00 
23.00   176.00  206.00 
23.00   177.00  206.00 
23.00   177.00  206.00 
23.00   178.00  205.00 
23.00   180.00  205.00 
23.00   182.00  203.00 
23.00   181.00  204.00 
23.00   180.00  205.00 
23.00   182.00  203.00 
23.00   182.00  203.00 
23.00   180.00  205.00 
23.00   180.00  205.00 
23.00   179.00  206.00 
23.00   180.00  205.00 
23.00   182.00  203.00 
23.00   183.00  204.00 
24.00   183.00  205.00 
24.00   184.00  204.00 
24.00   184.00  204.00 
24.00   185.00  203.00 
24.00   184.00  204.00 
24.00   185.00  203.00 
24.00   186.00  202.00 
24.00   186.00  202.00 
24.00   187.00  200.00 
24.00   185.00  201.00 
23.00   183.00  199.00 
23.00   181.00  196.00 
23.00   180.00  183.00 
24.00   176.00  203.00 
24.00   175.00  204.00 
24.00   174.00  205.00 
24.00   175.00  204.00 
24.00   174.00  205.00 
23.00   173.00  206.00 
23.00   178.00  202.00 
23.00   179.00  204.00 
23.00   178.00  205.00 
23.00   178.00  205.00 
23.00   179.00  204.00 
23.00   177.00  205.00 
23.00   177.00  206.00 
23.00   178.00  205.00 
23.00   178.00  205.00 
23.00   184.00  201.00 
23.00   182.00  203.00 
23.00   181.00  204.00 
23.00   179.00  206.00 
23.00   180.00  205.00 
23.00   181.00  204.00 
24.00   181.00  204.00 
23.00   179.00  206.00 
23.00   179.00  206.00 
23.00   181.00  204.00 
23.00   180.00  204.00 
23.00   183.00  204.00 
24.00   184.00  204.00 
24.00   183.00  205.00 
24.00   184.00  204.00 
24.00   185.00  204.00 
24.00   186.00  202.00 
24.00   185.00  203.00 
24.00   186.00  202.00 
24.00   186.00  202.00 
24.00   187.00  200.00 
24.00   187.00  199.00 
23.00   184.00  198.00 
23.00   183.00  194.00 
23.00   177.00  184.00 
24.00   175.00  204.00 
24.00   175.00  204.00 
24.00   175.00  204.00 
24.00   175.00  204.00 
24.00   175.00  204.00 
24.00   174.00  205.00 
23.00   179.00  201.00 
23.00   178.00  205.00 
23.00   179.00  204.00 
23.00   177.00  206.00 
23.00   178.00  205.00 
23.00   177.00  205.00 
23.00   177.00  206.00 
23.00   179.00  204.00 
23.00   179.00  204.00 
23.00   181.00  204.00 
23.00   182.00  203.00 
23.00   179.00  206.00 
23.00   180.00  205.00 
23.00   181.00  204.00 
23.00   182.00  203.00 
23.00   181.00  204.00 
23.00   180.00  205.00 
23.00   180.00  205.00 
23.00   180.00  205.00 
23.00   181.00  204.00 
23.00   182.00  205.00 
24.00   185.00  203.00 
24.00   184.00  204.00 
24.00   186.00  202.00 
24.00   183.00  205.00 
24.00   185.00  203.00 
24.00   185.00  203.00 
24.00   186.00  202.00 
24.00   186.00  201.00 
24.00   186.00  201.00 
24.00   188.00  199.00 
23.00   186.00  197.00 
24.00   185.00  192.00 
23.00   178.00  182.00 
24.00   174.00  205.00 
24.00   176.00  203.00 
24.00   175.00  204.00 
24.00   175.00  204.00 
24.00   175.00  204.00 
24.00   176.00  203.00 
23.00   177.00  203.00 
23.00   178.00  205.00 
23.00   179.00  204.00 
23.00   178.00  205.00 
23.00   177.00  206.00 
23.00   177.00  205.00 
23.00   179.00  205.00 
23.00   177.00  206.00 
23.00   178.00  205.00 
23.00   181.00  204.00 
23.00   180.00  205.00 
23.00   181.00  204.00 
23.00   179.00  206.00 
23.00   182.00  203.00 
23.00   181.00  204.00 
23.00   181.00  204.00 
23.00   182.00  203.00 
23.00   181.00  204.00 
23.00   182.00  203.00 
24.00   181.00  203.00 
23.00   183.00  204.00 
24.00   184.00  204.00 
24.00   184.00  204.00 
24.00   185.00  203.00 
24.00   186.00  202.00 
24.00   185.00  203.00 
24.00   186.00  202.00 
24.00   186.00  201.00 
24.00   186.00  201.00 
24.00   187.00  200.00 
24.00   187.00  200.00 
23.00   188.00  197.00 
24.00   188.00  190.00 
23.00   180.00  180.00 
24.00   176.00  203.00 
24.00   177.00  202.00 
24.00   175.00  202.00 
24.00   174.00  205.00 
24.00   174.00  205.00 
24.00   176.00  203.00 
23.00   177.00  205.00 
23.00   178.00  205.00 
23.00   179.00  204.00 
23.00   176.00  207.00 
23.00   178.00  205.00 
23.00   176.00  206.00 
23.00   176.00  207.00 
23.00   178.00  205.00 
23.00   180.00  203.00 
23.00   180.00  205.00 
23.00   181.00  204.00 
23.00   181.00  204.00 
23.00   180.00  205.00 
23.00   181.00  204.00 
23.00   183.00  202.00 
23.00   182.00  203.00 
23.00   183.00  202.00 
23.00   181.00  204.00 
23.00   181.00  204.00 
23.00   181.00  204.00 
23.00   183.00  204.00 
24.00   185.00  203.00 
24.00   185.00  203.00 
24.00   185.00  203.00 
24.00   185.00  203.00 
24.00   186.00  202.00 
24.00   185.00  203.00 
24.00   185.00  203.00 
24.00   185.00  203.00 
24.00   187.00  200.00 
24.00   188.00  199.00 
23.00   191.00  194.00 
23.00   189.00  190.00 
23.00   183.00  176.00 
24.00   175.00  204.00 
24.00   176.00  203.00 
24.00   177.00  202.00 
24.00   176.00  203.00 
24.00   174.00  205.00 
24.00   175.00  204.00 
23.00   177.00  205.00 
23.00   179.00  204.00 
23.00   179.00  204.00 
23.00   179.00  204.00 
23.00   179.00  204.00 
23.00   178.00  204.00 
23.00   179.00  204.00 
23.00   179.00  204.00 
23.00   179.00  204.00 
23.00   181.00  204.00 
23.00   181.00  204.00 
23.00   180.00  205.00 
23.00   181.00  204.00 
23.00   182.00  203.00 
23.00   181.00  204.00 
23.00   183.00  204.00 
23.00   183.00  202.00 
23.00   182.00  203.00 
23.00   182.00  203.00 
23.00   182.00  203.00 
23.00   183.00  204.00 
24.00   184.00  202.00 
24.00   185.00  203.00 
24.00   185.00  203.00 
24.00   185.00  203.00 
24.00   186.00  201.00 
24.00   186.00  201.00 
24.00   186.00  202.00 
24.00   186.00  202.00 
24.00   187.00  200.00 
24.00   189.00  198.00 
24.00   191.00  196.00 
24.00   189.00  189.00 
23.00   188.00  172.00 
24.00   176.00  203.00 
23.00   178.00  203.00 
23.00   178.00  205.00 
23.00   178.00  205.00 
23.00   180.00  203.00 
23.00   180.00  203.00 
23.00   180.00  203.00 
23.00   179.00  204.00 
23.00   181.00  201.00 
23.00   181.00  202.00 
23.00   178.00  205.00 
23.00   179.00  204.00 
23.00   182.00  203.00 
23.00   181.00  204.00 
23.00   181.00  204.00 
23.00   184.00  201.00 
23.00   182.00  203.00 
23.00   181.00  204.00 
23.00   183.00  202.00 
23.00   183.00  202.00 
23.00   182.00  203.00 
23.00   183.00  202.00 
23.00   181.00  204.00 
23.00   182.00  203.00 
23.00   181.00  204.00 
23.00   180.00  205.00 
23.00   181.00  204.00 
23.00   184.00  201.00 
23.00   184.00  201.00 
23.00   183.00  202.00 
23.00   183.00  202.00 
23.00   184.00  201.00 
24.00   189.00  200.00 
24.00   186.00  202.00 
24.00   186.00  201.00 
24.00   187.00  200.00 
24.00   188.00  198.00 
24.00   188.00  195.00 
23.00   189.00  186.00 
22.00   187.00  169.00 
24.00   177.00  202.00 
23.00   178.00  203.00 
23.00   179.00  204.00 
23.00   180.00  203.00 
23.00   179.00  204.00 
23.00   179.00  204.00 
23.00   179.00  204.00 
23.00   180.00  203.00 
23.00   179.00  204.00 
23.00   179.00  204.00 
23.00   180.00  203.00 
23.00   180.00  204.00 
23.00   182.00  203.00 
23.00   180.00  205.00 
23.00   181.00  206.00 
23.00   183.00  202.00 
23.00   182.00  203.00 
23.00   182.00  203.00 
24.00   180.00  205.00 
23.00   181.00  204.00 
23.00   180.00  205.00 
24.00   181.00  204.00 
23.00   181.00  204.00 
23.00   182.00  203.00 
23.00   182.00  203.00 
23.00   182.00  203.00 
23.00   182.00  203.00 
23.00   184.00  201.00 
23.00   184.00  201.00 
23.00   182.00  203.00 
23.00   185.00  200.00 
23.00   184.00  202.00 
24.00   187.00  200.00 
24.00   185.00  203.00 
24.00   186.00  201.00 
24.00   188.00  199.00 
24.00   190.00  197.00 
24.00   189.00  194.00 
23.00   190.00  185.00 
22.00   186.00  167.00 
24.00   177.00  202.00 
23.00   180.00  203.00 
23.00   179.00  204.00 
23.00   180.00  203.00 
23.00   180.00  203.00 
23.00   179.00  204.00 
23.00   180.00  203.00 
23.00   180.00  203.00 
23.00   180.00  203.00 
23.00   179.00  204.00 
23.00   179.00  204.00 
23.00   179.00  205.00 
23.00   182.00  203.00 
23.00   182.00  203.00 
23.00   182.00  205.00 
23.00   184.00  201.00 
23.00   183.00  202.00 
23.00   184.00  201.00 
23.00   180.00  205.00 
23.00   181.00  204.00 
23.00   183.00  202.00 
23.00   183.00  202.00 
23.00   182.00  203.00 
23.00   181.00  204.00 
23.00   181.00  204.00 
23.00   182.00  203.00 
23.00   183.00  202.00 
23.00   183.00  202.00 
23.00   183.00  202.00 
23.00   181.00  204.00 
23.00   183.00  202.00 
24.00   184.00  201.00 
24.00   187.00  200.00 
24.00   186.00  202.00 
24.00   188.00  199.00 
24.00   188.00  199.00 
24.00   190.00  196.00 
24.00   189.00  193.00 
23.00   188.00  184.00 
22.00   182.00  170.00 
24.00   175.00  204.00 
23.00   178.00  204.00 
23.00   180.00  203.00 
23.00   181.00  202.00 
23.00   180.00  203.00 
23.00   180.00  203.00 
23.00   181.00  202.00 
23.00   179.00  204.00 
23.00   179.00  204.00 
23.00   179.00  204.00 
23.00   179.00  204.00 
23.00   181.00  203.00 
23.00   181.00  204.00 
23.00   182.00  203.00 
23.00   182.00  203.00 
23.00   182.00  203.00 
23.00   183.00  202.00 
23.00   183.00  202.00 
23.00   184.00  201.00 
23.00   182.00  205.00 
23.00   183.00  202.00 
23.00   182.00  203.00 
23.00   181.00  204.00 
23.00   181.00  204.00 
23.00   181.00  204.00 
23.00   182.00  203.00 
23.00   183.00  202.00 
23.00   183.00  202.00 
23.00   184.00  201.00 
23.00   183.00  202.00 
23.00   185.00  200.00 
23.00   184.00  202.00 
24.00   187.00  200.00 
24.00   186.00  201.00 
24.00   187.00  200.00 
24.00   188.00  199.00 
24.00   188.00  198.00 
24.00   187.00  191.00 
23.00   186.00  182.00 
21.00   185.00  163.00 
24.00   177.00  202.00 
23.00   178.00  204.00 
23.00   180.00  203.00 
23.00   179.00  204.00 
23.00   179.00  204.00 
23.00   179.00  204.00 
23.00   180.00  203.00 
23.00   179.00  204.00 
23.00   179.00  204.00 
23.00   179.00  205.00 
23.00   179.00  204.00 
23.00   181.00  203.00 
23.00   183.00  202.00 
23.00   182.00  203.00 
23.00   184.00  202.00 
23.00   183.00  202.00 
23.00   184.00  201.00 
23.00   182.00  203.00 
23.00   182.00  203.00 
23.00   182.00  203.00 
23.00   182.00  203.00 
23.00   180.00  205.00 
23.00   181.00  204.00 
23.00   182.00  203.00 
23.00   181.00  204.00 
23.00   182.00  203.00 
23.00   183.00  202.00 
23.00   184.00  201.00 
23.00   185.00  200.00 
23.00   186.00  199.00 
23.00   184.00  201.00 
23.00   184.00  202.00 
24.00   186.00  201.00 
24.00   186.00  202.00 
24.00   187.00  200.00 
24.00   186.00  201.00 
23.00   186.00  197.00 
24.00   186.00  191.00 
23.00   183.00  181.00 
21.00   175.00  168.00 
24.00   177.00  202.00 
23.00   178.00  203.00 
23.00   181.00  202.00 
23.00   181.00  202.00 
23.00   180.00  203.00 
23.00   180.00  203.00 
23.00   178.00  203.00 
23.00   179.00  204.00 
23.00   179.00  204.00 
23.00   179.00  204.00 
23.00   178.00  203.00 
23.00   180.00  204.00 
23.00   182.00  203.00 
23.00   183.00  202.00 
23.00   185.00  200.00 
23.00   184.00  201.00 
23.00   184.00  201.00 
23.00   183.00  202.00 
23.00   182.00  203.00 
23.00   181.00  204.00 
23.00   181.00  204.00 
23.00   181.00  203.00 
23.00   182.00  203.00 
23.00   183.00  202.00 
23.00   183.00  202.00 
23.00   182.00  203.00 
23.00   182.00  202.00 
23.00   183.00  202.00 
23.00   184.00  201.00 
23.00   186.00  199.00 
23.00   184.00  201.00 
23.00   185.00  201.00 
24.00   186.00  202.00 
24.00   186.00  202.00 
24.00   187.00  200.00 
24.00   187.00  200.00 
23.00   188.00  197.00 
23.00   188.00  189.00 
22.00   182.00  179.00 
20.00   179.00  161.00 
23.00   178.00  203.00 
23.00   181.00  203.00 
23.00   180.00  203.00 
23.00   180.00  203.00 
23.00   181.00  203.00 
23.00   181.00  203.00 
23.00   179.00  204.00 
23.00   179.00  204.00 
23.00   181.00  202.00 
23.00   180.00  203.00 
23.00   180.00  203.00 
23.00   181.00  202.00 
23.00   182.00  203.00 
23.00   183.00  201.00 
23.00   184.00  200.00 
24.00   183.00  201.00 
23.00   184.00  200.00 
23.00   185.00  200.00 
24.00   186.00  200.00 
23.00   183.00  203.00 
23.00   183.00  202.00 
23.00   182.00  203.00 
23.00   183.00  203.00 
23.00   182.00  203.00 
23.00   184.00  201.00 
23.00   183.00  202.00 
23.00   183.00  202.00 
24.00   186.00  200.00 
24.00   186.00  200.00 
23.00   185.00  200.00 
23.00   183.00  202.00 
23.00   183.00  202.00 
23.00   185.00  201.00 
23.00   184.00  202.00 
24.00   187.00  199.00 
23.00   188.00  198.00 
23.00   189.00  196.00 
23.00   187.00  187.00 
22.00   181.00  176.00 
21.00   179.00  160.00 
